   0    0    0    0    0    0    0    0    0    0    0    0    0    0    0    0    0    0    0    0    0    0    0    0    0    0    0    0    0    0    0    0    0    0    0    0    0    0    0    0    0    0    0    0    0    0    0    0    0    0    0    0    0    0    0    0    0    0    0    0    0    0    0 2113 2112    0    0    0    0    0    0    0    0    0    0    0    0    0    0    0    0
   0    0    0    0    0    0    0    0    0    0    0    0    0    0    0    0    0    0    0    0    0    0    0    0    0    0    0    0    0    0    0    0    0    0    0    0    0    0    0    0    0    0    0    0    0    0    0    0    0    0    0    0    0    0    0    0    0    0    0    0    0    0 2112 2112 2111    0    0    0    0    0    0    0    0    0    0    0    0    0    0    0    0
   0    0    0    0    0    0    0    0    0    0    0    0    0    0    0    0    0    0    0    0    0    0    0    0    0    0    0    0    0    0    0    0    0    0    0    0    0    0    0    0    0    0    0    0    0    0    0    0    0    0    0    0    0    0    0    0    0    0    0    0    0    0 2112 2111 2110    0    0    0    0    0    0    0    0    0    0    0    0    0    0    0    0
   0    0    0    0    0    0    0    0    0    0    0    0    0    0    0    0    0    0    0    0    0    0    0    0    0    0    0    0    0    0    0    0    0    0    0    0    0    0    0    0    0    0    0    0    0    0    0    0    0    0    0    0    0    0    0    0    0    0    0    0    0 2111 2111 2110 2109    0    0    0    0    0    0    0    0    0    0    0    0    0    0    0    0
   0    0    0    0    0    0    0    0    0    0    0    0    0    0    0    0    0    0    0    0    0    0    0    0    0    0    0    0    0    0    0    0    0    0    0    0    0    0    0    0    0    0    0    0    0    0    0    0    0    0    0    0    0    0    0    0    0    0    0    0    0 2115 2110 2109 2108 2107    0    0    0    0    0    0    0    0    0    0    0    0    0    0    0
   0    0    0    0    0    0    0    0    0    0    0    0    0    0    0    0    0    0    0    0    0    0    0    0    0    0    0    0    0    0    0    0    0    0    0    0    0    0    0    0    0    0    0    0    0    0    0    0    0    0    0    0    0    0    0    0    0    0    0    0    0 2110 2109 2107 2106 2105 2105    0    0    0    0    0    0    0    0    0    0    0    0    0    0
   0    0    0    0    0    0    0    0    0    0    0    0    0    0    0    0    0    0    0    0    0    0    0    0    0    0    0    0    0    0    0    0    0    0    0    0    0    0    0    0    0    0    0    0    0    0    0    0    0    0    0    0    0    0    0    0    0    0    0    0 2109 2116 2108 2106 2105 2104 2104 2103    0    0    0    0    0    0    0    0    0    0    0    0    0
   0    0    0    0    0    0    0    0    0    0    0    0    0    0    0    0    0    0    0    0    0    0    0    0    0    0    0    0    0    0    0    0    0    0    0    0    0    0    0    0    0    0    0    0    0    0    0    0    0    0    0    0    0    0    0    0    0    0    0    0 2109 2118 2107 2105 2103 2103 2103 2102 2101 2099 2099    0    0    0    0    0    0    0    0    0    0
   0    0    0    0    0    0    0    0    0    0    0    0    0    0    0    0    0    0    0    0    0    0    0    0    0    0    0    0    0    0    0    0    0    0    0    0    0    0    0    0    0    0    0    0    0    0    0    0 2155 2154    0    0    0    0    0    0    0    0 2117 2117 2108 2107 2105 2103 2102 2101 2101 2101 2100 2099 2097 2096 2095 2094 2093    0    0    0    0    0    0
   0    0    0    0    0    0    0    0    0    0    0    0    0    0    0    0    0    0    0    0    0    0    0    0    0    0    0    0    0    0    0    0    0    0    0    0    0    0    0    0    0    0    0    0    0    0    0 2156 2154 2150 2151 2146 2137    0    0    0 2114 2112 2110 2114 2107 2106 2104 2102 2100 2100 2099 2099 2098 2097 2096 2095 2094 2093 2092 2091    0    0    0    0    0
   0    0    0    0    0    0    0    0    0    0    0    0    0    0    0    0    0    0    0    0    0    0    0    0    0    0    0    0    0    0    0    0    0    0    0    0    0    0    0    0    0    0    0    0    0    0 2158 2155 2151 2146 2141 2137 2132 2127 2128 2125 2121 2116 2109 2108 2106 2104 2102 2100 2098 2098 2097 2097 2096 2095 2094 2093 2092 2091 2090 2089    0    0    0    0    0
   0    0    0    0    0    0    0    0    0    0    0    0    0    0    0    0    0    0    0    0    0    0    0    0    0    0    0    0    0    0    0    0    0    0    0    0    0    0    0    0    0    0    0    0    0    0 2158 2154 2148 2141 2137 2132 2128 2124 2127 2125 2119 2110 2108 2106 2104 2102 2100 2097 2096 2095 2095 2094 2093 2092 2091 2090 2089 2088 2088 2087 2085    0    0    0    0
   0    0    0    0    0    0    0    0    0    0    0    0    0    0    0    0    0    0    0    0    0    0    0    0    0    0    0    0    0    0    0    0    0    0    0    0    0    0    0    0    0    0    0    0 2171 2167 2160 2154 2146 2139 2135 2130 2126 2121 2122 2122 2116 2108 2106 2104 2102 2099 2097 2095 2093 2093 2092 2091 2090 2089 2088 2087 2086 2085 2085 2084 2083 2088    0    0    0
   0    0    0    0    0    0    0    0    0    0    0    0    0    0    0    0    0    0    0    0    0    0    0    0    0    0    0    0    0    0    0    0    0    0    0    0    0    0    0    0    0 2191 2186 2180 2173 2166 2160 2152 2144 2137 2133 2127 2122 2117 2113 2110 2112 2105 2103 2101 2099 2096 2094 2092 2090 2089 2089 2088 2086 2085 2084 2083 2082 2082 2081 2081 2081 2089 2093    0    0
   0    0    0    0    0    0    0    0    0    0    0    0    0    0    0    0    0    0    0    0    0    0    0    0    0    0    0    0    0    0    0    0    0    0    0    0    0    0    0    0 2198 2192 2185 2179 2172 2165 2158 2150 2143 2136 2129 2122 2117 2112 2108 2105 2103 2101 2099 2097 2095 2093 2091 2089 2087 2086 2085 2084 2082 2081 2079 2079 2078 2077 2077 2077 2077 2086 2092 2096    0
   0    0    0    0    0    0    0    0    0    0    0    0    0    0    0    0    0    0    0    0    0    0    0    0    0    0    0    0    0    0    0    0    0    0    0    0    0    0    0 2201 2198 2191 2191 2176 2168 2161 2154 2146 2139 2132 2124 2117 2109 2106 2102 2099 2098 2096 2094 2093 2091 2089 2087 2085 2083 2082 2081 2079 2077 2075 2074 2073 2073 2072 2072 2072 2073 2086 2091 2093    0
   0    0    0    0    0    0    0    0    0    0    0    0    0    0    0    0    0    0    0    0    0    0    0    0    0    0    0    0    0    0    0    0    0    0    0    0    0    0    0 2198 2205 2206 2200 2185 2167 2155 2148 2140 2133 2126 2117 2108 2101 2098 2095 2093 2091 2090 2089 2088 2087 2085 2084 2081 2080 2079 2077 2074 2072 2071 2070 2069 2069 2068 2068 2069 2069 2085 2088 2088    0
   0    0    0    0    0    0    0    0    0    0    0    0    0    0    0    0    0    0    0    0    0    0    0    0    0    0    0    0    0    0    0    0    0    0    0    0    0    0    0 2213 2207 2198 2186 2172 2158 2146 2139 2132 2125 2117 2108 2105 2101 2089 2087 2086 2085 2084 2083 2083 2082 2081 2080 2078 2076 2075 2073 2071 2070 2069 2068 2067 2067 2066 2066 2067 2067 2075 2080 2084    0
   0    0    0    0    0    0    0    0    0    0    0    0    0    0    0    0    0    0    0    0    0    0    0    0    0    0    0    0    0    0    0    0    0    0 2227 2217 2218 2216 2208 2199 2189 2178 2168 2156 2142 2136 2129 2122 2114 2106 2097 2087 2089 2079 2078 2077 2077 2077 2077 2077 2077 2077 2076 2074 2073 2071 2069 2068 2067 2066 2065 2064 2064 2064 2064 2064 2065 2066 2068 2078 2080
   0    0    0    0    0    0    0    0    0    0    0    0    0    0    0    0    0    0    0    0    0    0    0    0    0    0    0    0    0    0    0    0 2235 2221 2205 2191 2193 2193 2187 2178 2169 2158 2143 2137 2130 2124 2117 2110 2102 2094 2085 2074 2066 2067 2068 2069 2069 2070 2071 2072 2072 2072 2072 2071 2070 2068 2066 2065 2064 2063 2062 2061 2061 2061 2062 2062 2063 2064 2066 2073 2077
   0    0    0    0    0    0    0    0    0    0    0    0    0    0    0    0    0    0    0    0    0    0    0    0    0    0    0    0    0 2249 2238 2221 2208 2195 2188 2183 2177 2170 2161 2157 2145 2138 2131 2124 2117 2111 2104 2097 2089 2081 2072 2061 2055 2057 2058 2060 2062 2063 2065 2066 2067 2067 2068 2067 2067 2066 2064 2063 2061 2059 2058 2058 2058 2059 2059 2060 2061 2063 2065 2066 2067
   0    0    0    0    0    0    0    0    0    0    0    0    0    0    0    0    0    0    0    0    0    0    0    0    0    0 2241 2243 2238 2229 2208 2200 2194 2187 2179 2171 2165 2157 2149 2143 2135 2127 2119 2111 2103 2096 2089 2082 2073 2066 2059 2051 2049 2048 2048 2051 2054 2056 2058 2060 2061 2062 2063 2063 2063 2063 2062 2061 2059 2057 2055 2055 2056 2057 2057 2058 2059 2061 2063 2065 2066
   0    0    0    0    0    0    0    0    0    0    0    0    0    0    0    0    0    0    0    0    0    0    0    0 2284 2267 2243 2224 2215 2206 2198 2191 2184 2176 2168 2160 2155 2148 2141 2133 2125 2116 2107 2097 2086 2079 2073 2066 2059 2055 2050 2045 2042 2040 2040 2043 2046 2049 2051 2054 2056 2057 2058 2059 2059 2059 2059 2058 2057 2055 2053 2053 2054 2055 2057 2057 2058 2060 2063 2064 2065
   0    0    0    0    0    0    0    0    0    0    0    0    0    0    0    0    0    0    0    0    0    0 2295 2281 2265 2245 2230 2214 2203 2193 2185 2178 2172 2164 2157 2152 2147 2140 2132 2123 2114 2104 2094 2082 2071 2066 2061 2057 2053 2049 2045 2039 2035 2035 2034 2034 2038 2041 2045 2047 2050 2052 2053 2054 2055 2055 2055 2054 2053 2052 2050 2051 2052 2053 2055 2057 2058 2060 2062 2063 2072
   0    0    0    0    0    0    0    0    0    0    0    0    0    0    0    0    0    0    0    0 2336 2303 2287 2271 2253 2237 2219 2202 2190 2181 2174 2167 2161 2154 2149 2144 2137 2130 2122 2113 2103 2093 2082 2071 2063 2059 2055 2051 2048 2044 2040 2034 2030 2029 2029 2027 2030 2034 2038 2041 2043 2046 2048 2049 2050 2051 2051 2051 2050 2049 2047 2048 2049 2050 2053 2055 2058 2060 2061 2063    0
   0    0    0    0    0    0    0    0    0    0    0    0    0    0    0    0    0    0 2345 2338 2314 2299 2281 2261 2242 2226 2208 2193 2180 2171 2164 2158 2152 2146 2140 2134 2128 2120 2112 2102 2092 2080 2068 2059 2055 2051 2048 2045 2042 2039 2035 2031 2027 2025 2024 2022 2024 2028 2031 2034 2037 2039 2042 2043 2045 2046 2046 2047 2047 2047 2046 2046 2047 2047 2049 2053 2057 2059 2061    0    0
   0    0    0    0    0    0    0    0    0    0    0    0    0    0    0    0    0 2333 2329 2320 2307 2288 2268 2249 2231 2216 2200 2185 2170 2160 2153 2147 2141 2135 2130 2124 2118 2110 2102 2091 2079 2065 2056 2050 2047 2044 2042 2039 2037 2034 2031 2027 2023 2020 2027 2018 2018 2021 2032 2027 2030 2033 2035 2038 2039 2041 2042 2043 2043 2044 2044 2044 2044 2044 2046 2047    0    0    0    0    0
   0    0    0    0    0    0    0    0    0    0    0    0    0    0    0    0 2340 2330 2321 2310 2296 2277 2258 2238 2222 2207 2193 2179 2164 2150 2142 2136 2129 2123 2118 2114 2107 2099 2090 2080 2066 2056 2050 2043 2039 2036 2034 2033 2032 2034 2026 2022 2018 2034 2025 2013 2012 2014 2027 2019 2022 2026 2029 2031 2034 2035 2037 2038 2039 2040 2041 2042 2042 2042 2042 2043    0    0    0    0    0
   0    0    0    0    0    0    0    0    0    0    0 2432 2407 2393 2379 2362 2341 2321 2309 2298 2285 2267 2246 2227 2211 2197 2184 2171 2156 2142 2136 2129 2122 2115 2110 2104 2095 2087 2079 2068 2058 2051 2044 2038 2035 2031 2029 2027 2026 2024 2022 2018 2032 2028 2021 2008 2007 2007 2024 2034 2015 2019 2022 2025 2027 2030 2031 2033 2035 2036 2037 2038 2039 2038 2038 2038    0    0    0    0    0
   0    0    0    0    0    0    0    0    0    0 2475 2429 2407 2395 2380 2361 2334 2310 2302 2292 2278 2260 2238 2219 2205 2190 2177 2166 2155 2145 2136 2128 2120 2112 2105 2095 2087 2080 2072 2064 2056 2049 2044 2039 2035 2031 2027 2023 2022 2020 2023 2020 2026 2022 2010 2004 2002 2010 2022 2026 2030 2012 2015 2019 2021 2023 2026 2028 2029 2031 2033 2034 2034 2034 2033 2034    0    0    0    0    0
   0    0    0    0    0    0    0    0    0 2509 2474 2431 2409 2396 2381 2362 2335 2310 2302 2292 2278 2260 2238 2219 2204 2189 2176 2165 2155 2145 2136 2127 2118 2110 2101 2093 2086 2078 2072 2064 2057 2050 2045 2040 2035 2031 2026 2022 2019 2016 2012 2008 2018 2018 2001 2000 1998 2006 2016 2017 2021 2026 2031 2012 2015 2031 2032 2022 2024 2026 2027 2029 2029 2028 2028 2029    0    0    0    0    0
   0    0    0    0    0    0    0    0 2520 2508 2484 2445 2416 2396 2381 2365 2344 2323 2311 2299 2284 2267 2245 2225 2210 2196 2182 2169 2154 2142 2135 2128 2120 2112 2102 2094 2086 2080 2073 2067 2059 2054 2048 2042 2036 2031 2025 2021 2017 2013 2008 2005 2001 1999 1998 1996 1994 1993 2003 2005 2012 2018 2025 2030 2029 2024 2027 2015 2017 2019 2021 2023 2029 2031 2023 2024    0    0    0    0    0
   0    0    0    0    0    0    0    0 2519 2516 2482 2446 2415 2395 2380 2365 2349 2333 2320 2308 2293 2275 2253 2234 2219 2205 2192 2177 2158 2143 2138 2132 2124 2114 2104 2094 2086 2081 2075 2069 2064 2059 2052 2046 2043 2031 2025 2020 2016 2013 2009 2003 1998 1996 1994 1992 1990 1989 1988 1995 2001 2009 2016 2020 2019 2016 2022 2032 2009 2011 2012 2015 2025 2024 2032 2034    0    0    0    0    0
   0    0    0    0    0    0 2535 2526 2511 2503 2473 2436 2408 2392 2376 2363 2349 2336 2332 2321 2297 2280 2259 2240 2224 2211 2200 2186 2167 2150 2142 2136 2127 2117 2107 2096 2087 2083 2078 2072 2068 2064 2057 2050 2042 2033 2026 2028 2017 2012 2007 2001 1996 1992 1991 1988 1987 1985 1984 1983 1985 1997 2003 2005 2005 2007 2017 2027 2034 2004 2021 2020 2021 2013 2024 2029    0    0    0    0    0
   0    0    0    0    0 2541 2534 2523 2506 2489 2456 2421 2402 2384 2366 2356 2345 2342 2337 2332 2313 2282 2262 2244 2226 2211 2205 2193 2175 2160 2150 2140 2130 2119 2109 2097 2090 2085 2080 2075 2071 2068 2061 2053 2045 2036 2029 2025 2019 2021 2007 2001 1996 1992 1988 1985 1984 1983 1981 1981 1980 1980 1988 1991 1992 1999 2009 2019 2021 2020 2018 2015 2014 2003 2015 2023    0    0    0    0    0
   0    0    0    0    0 2537 2530 2517 2495 2469 2436 2414 2393 2370 2355 2349 2342 2334 2325 2324 2317 2295 2264 2247 2231 2216 2205 2192 2179 2167 2155 2143 2132 2122 2111 2100 2092 2088 2083 2078 2074 2071 2065 2057 2049 2040 2034 2030 2032 2028 2012 1999 1995 1992 1988 1985 1982 1980 1978 1978 1977 1976 1975 1975 1984 1993 2001 2008 2013 2014 2016 2007 2002 2004 2015 2021    0    0    0    0    0
   0    0    0    0    0 2536 2523 2507 2480 2450 2428 2406 2381 2361 2355 2349 2342 2334 2326 2314 2300 2291 2264 2252 2239 2223 2207 2194 2181 2168 2157 2145 2134 2124 2113 2102 2095 2091 2086 2082 2078 2074 2068 2061 2053 2044 2039 2036 2030 2021 2023 2007 1995 1992 1989 1985 1982 1980 1977 1975 1974 1973 1972 1972 1979 1986 1991 1995 1999 1998 1996 1992 1990 2002 2012 2015    0    0    0    0    0
   0    0    0    0    0 2536 2519 2495 2467 2441 2420 2398 2376 2362 2356 2350 2343 2336 2327 2315 2302 2287 2270 2257 2243 2226 2210 2196 2183 2170 2158 2146 2136 2126 2116 2105 2098 2094 2090 2087 2084 2078 2072 2065 2057 2049 2045 2043 2037 2027 2032 2011 1997 1993 1989 1985 1983 1980 1977 1975 1972 1971 1971 1970 1969 1978 1981 1981 1984 1983 1979 1974 1974 1990 1995 2005 2013    0    0    0    0
   0    0    0    0    0 2538 2521 2490 2453 2432 2410 2388 2374 2366 2358 2352 2346 2338 2328 2316 2303 2288 2281 2270 2250 2228 2212 2198 2184 2171 2159 2148 2137 2127 2118 2108 2102 2098 2095 2093 2089 2083 2076 2069 2061 2054 2050 2051 2045 2034 2022 2019 2007 1996 1991 1987 1984 1981 1978 1975 1973 1972 1970 1969 1968 1966 1965 1964 1965 1965 1966 1967 1967 1977 1980 1990 2010    0    0    0    0
   0    0    0    0 2542 2532 2507 2467 2446 2424 2400 2382 2377 2370 2364 2358 2351 2341 2330 2322 2319 2309 2293 2276 2260 2242 2223 2199 2186 2173 2160 2148 2137 2128 2120 2111 2105 2102 2100 2097 2093 2087 2080 2080 2066 2060 2057 2057 2052 2041 2030 2029 2011 2005 1999 1999 1994 1994 1990 1984 1981 1973 1971 1970 1967 1965 1964 1962 1962 1961 1960 1960 1960 1966 1970 1985 1995 1995    0    0    0
   0    0    0    0 2542 2520 2483 2461 2438 2415 2398 2386 2381 2373 2366 2361 2357 2349 2337 2336 2332 2315 2293 2276 2259 2240 2217 2203 2189 2175 2162 2147 2136 2129 2121 2114 2108 2106 2105 2103 2106 2094 2088 2082 2083 2068 2065 2063 2059 2050 2038 2028 2028 2022 2019 2017 2012 2011 2005 2000 1988 1981 1973 1972 1969 1966 1964 1962 1960 1957 1955 1954 1953 1952 1962 1972 1975 1975 1970    0    0
   0    0    0 2555 2537 2502 2479 2456 2427 2406 2401 2393 2387 2383 2378 2372 2367 2360 2348 2334 2318 2297 2284 2268 2254 2238 2222 2207 2193 2179 2164 2147 2136 2130 2124 2117 2112 2110 2110 2109 2117 2110 2097 2091 2085 2077 2073 2070 2067 2060 2052 2036 2029 2025 2019 2012 2031 2027 2022 2015 2001 1987 1981 1986 1985 1985 1970 1962 1958 1955 1952 1949 1946 1946 1944 1941 1945 1945 1945    0    0
   0    0    0 2559 2526 2501 2480 2455 2427 2408 2405 2402 2399 2398 2395 2389 2382 2371 2358 2343 2326 2303 2284 2271 2258 2242 2226 2211 2197 2182 2166 2149 2137 2132 2126 2120 2116 2114 2114 2114 2113 2110 2105 2099 2093 2085 2080 2078 2077 2073 2063 2059 2044 2039 2031 2028 2018 2004 2027 2014 2001 1990 1988 1997 1995 1995 1985 1975 1975 1963 1951 1947 1945 1943 1941 1939 1937 1934 1930 1900    0
   0    0 2576 2548 2522 2506 2483 2452 2427 2417 2412 2411 2412 2412 2410 2404 2402 2382 2367 2351 2333 2310 2288 2275 2261 2245 2229 2215 2200 2185 2169 2151 2139 2134 2129 2124 2120 2119 2118 2119 2118 2116 2111 2106 2100 2092 2087 2087 2087 2085 2081 2080 2072 2065 2056 2045 2032 2018 2027 2015 2006 1995 1996 2006 2006 2000 1995 1985 1985 1971 1952 1948 1946 1943 1940 1938 1936 1934 1930 1900    0
   0 2596 2552 2539 2527 2511 2490 2458 2433 2424 2419 2417 2424 2426 2423 2424 2422 2406 2376 2359 2342 2321 2296 2277 2264 2248 2232 2217 2202 2187 2171 2153 2142 2137 2132 2127 2124 2123 2122 2123 2122 2121 2117 2112 2106 2098 2094 2096 2097 2096 2094 2100 2099 2092 2080 2063 2042 2019 2030 2017 2009 2001 2003 2010 2020 2010 2005 1995 1992 1973 1960 1949 1947 1945 1942 1939 1937 1934 1930 1900    0
   0 2589 2553 2542 2531 2517 2498 2469 2444 2441 2437 2437 2441 2441 2437 2438 2441 2428 2396 2367 2349 2330 2305 2281 2267 2251 2234 2219 2204 2189 2172 2155 2144 2139 2134 2130 2128 2126 2125 2124 2125 2125 2123 2119 2112 2105 2099 2103 2105 2105 2111 2118 2122 2116 2098 2078 2051 2026 2034 2022 2015 2006 2007 2013 2021 2020 2010 2007 1995 1972 1958 1953 1949 1947 1944 1941 1940 1937    0    0    0
2614 2588 2555 2546 2535 2523 2508 2488 2467 2464 2461 2459 2457 2455 2449 2451 2454 2438 2407 2376 2357 2339 2316 2290 2274 2261 2236 2220 2205 2190 2174 2157 2146 2141 2136 2133 2131 2129 2128 2126 2128 2129 2129 2125 2120 2114 2108 2109 2111 2112 2123 2137 2140 2129 2112 2089 2057 2033 2022 2028 2022 2013 2014 2017 2022 2020 2010 2007 1994 1977 1962 1957 1954 1950 1948 1944 1942 1940    0    0    0
   0 2596 2559 2550 2541 2530 2518 2504 2489 2482 2477 2474 2471 2466 2460 2465 2465 2449 2426 2394 2365 2347 2326 2300 2280 2265 2238 2221 2206 2191 2175 2158 2148 2143 2138 2135 2133 2132 2130 2130 2132 2134 2134 2132 2132 2121 2116 2114 2115 2117 2134 2150 2157 2142 2124 2100 2066 2040 2029 2030 2024 2021 2022 2023 2027 2020 2011 2003 1993 1981 1967 1961 1958 1955 1959 1955 1946    0    0    0    0
   0    0 2583 2558 2550 2542 2532 2521 2511 2503 2497 2493 2489 2482 2474 2478 2478 2461 2440 2410 2382 2355 2336 2312 2287 2268 2247 2222 2206 2191 2175 2159 2149 2145 2140 2137 2136 2134 2133 2133 2136 2138 2139 2138 2139 2128 2121 2118 2119 2120 2137 2161 2172 2159 2134 2110 2077 2048 2036 2034 2029 2030 2031 2029 2026 2018 2008 2000 1986 1978 1972 1967 1963 1961 1973 1969    0    0    0    0    0
   0    0    0 2587 2568 2560 2556 2535 2547 2522 2517 2512 2506 2495 2486 2491 2488 2471 2448 2418 2391 2362 2343 2322 2299 2274 2252 2222 2207 2191 2174 2160 2151 2147 2143 2140 2138 2136 2135 2136 2139 2142 2144 2144 2146 2140 2126 2121 2123 2124 2131 2164 2179 2170 2146 2117 2085 2055 2044 2035 2031 2027 2023 2021 2025 2017 2005 1998 1990 1982 1976 1973 1970 1969 1981 1986    0    0    0    0    0
   0    0    0    0    0    0    0    0 2575 2559 2539 2523 2520    0    0 2503 2500 2481 2452 2421 2396 2373 2350 2329 2307 2283 2257 2232 2211 2189 2170 2159 2153 2149 2145 2142 2141 2139 2138 2140 2143 2149 2153 2162 2164 2157 2135 2128 2128 2129 2136 2164 2185 2180 2157 2125 2092 2060 2052 2042 2039 2034 2030 2027 2028 2016 2009 2002 1994 1986 1980 1978 1977 1976 1985 1993    0    0    0    0    0
   0    0    0    0    0    0    0    0    0    0    0    0    0    0    0    0 2502 2483 2453 2425 2398 2372 2354 2334 2312 2289 2264 2239 2215 2189 2168 2159 2155 2151 2147 2145 2144 2143 2142 2144 2149 2157 2174 2185 2189 2176 2145 2136 2134 2134 2141 2165 2186 2186 2163 2131 2099 2073 2056 2047 2044 2041 2036 2033 2028 2021 2014 2006 1999 1991 1985 1983 1983 1982 1992 2002    0    0    0    0    0
   0    0    0    0    0    0    0    0    0    0    0    0    0    0    0    0    0 2479 2451 2424 2397 2374 2357 2338 2315 2291 2268 2243 2217 2190 2168 2160 2156 2153 2150 2148 2147 2146 2147 2149 2155 2178 2195 2206 2210 2190 2155 2143 2139 2140 2147 2167 2187 2190 2163 2132 2103 2078 2063 2052 2048 2045 2042 2038 2033 2025 2018 2011 2003 1996 1991 1989 1988 1995 2001 2008    0    0    0    0    0
   0    0    0    0    0    0    0    0    0    0    0    0    0    0    0    0    0    0 2448 2422 2391 2374 2357 2346 2316 2293 2269 2245 2219 2191 2169 2161 2158 2155 2152 2150 2149 2149 2150 2153 2160 2184 2203 2218 2223 2197 2164 2150 2145 2145 2152 2169 2189 2193 2165 2129 2108 2087 2071 2058 2053 2051 2047 2043 2037 2029 2022 2015 2007 2008 1996 1994 1999 2005 2008 2014    0    0    0    0    0
   0    0    0    0    0    0    0    0    0    0    0    0    0    0    0    0    0    0 2446 2417 2391 2370 2355 2338 2317 2293 2269 2245 2220 2191 2169 2162 2159 2156 2154 2152 2152 2151 2153 2157 2166 2178 2201 2219 2228 2209 2178 2157 2150 2151 2159 2168 2194 2198 2165 2138 2118 2097 2079 2065 2059 2056 2053 2048 2041 2034 2031 2025 2024 2020 2006 1999 2008 2013 2017 2022    0    0    0    0    0
   0    0    0    0    0    0    0    0    0    0    0    0    0    0    0    0    0    0    0    0    0 2362 2351 2336 2316 2292 2268 2245 2220 2192 2170 2163 2160 2157 2155 2154 2153 2153 2155 2162 2171 2184 2202 2221 2234 2229 2195 2173 2159 2159 2165 2177 2201 2201 2164 2146 2128 2109 2089 2073 2066 2062 2058 2054 2046 2037 2031 2024 2016 2031 2017 2004 2018 2026 2029 2005    0    0    0    0    0
   0    0    0    0    0    0    0    0    0    0    0    0    0    0    0    0    0    0    0    0    0    0 2344 2331 2313 2291 2267 2244 2220 2193 2171 2163 2160 2158 2157 2155 2155 2155 2158 2165 2175 2189 2208 2228 2242 2241 2214 2189 2170 2171 2174 2185 2209 2207 2175 2157 2138 2121 2099 2082 2081 2074 2066 2062 2054 2043 2034 2029 2021 2015 2031 2018 2029 2014 2016 2022    0    0    0    0    0
   0    0    0    0    0    0    0    0    0    0    0    0    0    0    0    0    0    0    0    0    0    0    0 2323 2310 2290 2267 2244 2221 2195 2174 2163 2161 2159 2158 2157 2156 2157 2160 2168 2178 2193 2214 2237 2255 2251 2230 2204 2187 2181 2184 2190 2219 2213 2187 2171 2151 2133 2112 2101 2096 2086 2074 2070 2064 2054 2042 2035 2029 2032 2019 2031 2014 2020 2026 2029    0    0    0    0    0
   0    0    0    0    0    0    0    0    0    0    0    0    0    0    0    0    0    0    0    0    0    0    0    0    0    0    0    0    0 2185 2172 2163 2161 2159 2158 2158 2157 2158 2161 2170 2182 2197 2214 2242 2265 2265 2242 2217 2201 2189 2192 2201 2225 2218 2198 2184 2166 2147 2127 2116 2111 2100 2082 2077 2072 2063 2052 2044 2048 2048 2027 2024 2021 2026 2032 2034    0    0    0    0    0
   0    0    0    0    0    0    0    0    0    0    0    0    0    0    0    0    0    0    0    0    0    0    0    0    0    0    0    0    0    0    0 2162 2161 2160 2159 2158 2158 2159 2164 2174 2185 2200 2217 2244 2272 2277 2260 2231 2219 2210 2210 2217 2226 2223 2208 2195 2179 2160 2140 2133 2125 2113 2094 2087 2081 2072 2062 2053 2057 2057 2036 2033 2031 2038 2039 2040    0    0    0    0    0
   0    0    0    0    0    0    0    0    0    0    0    0    0    0    0    0    0    0    0    0    0    0    0    0    0    0    0    0    0    0    0    0 2161 2160 2160 2159 2159 2160 2166 2176 2186 2202 2219 2244 2272 2285 2274 2241 2236 2233 2232 2234 2233 2229 2220 2208 2194 2178 2160 2155 2145 2121 2110 2100 2091 2081 2071 2063 2058 2050 2042 2041 2042 2043 2044 2045    0    0    0    0    0
   0    0    0    0    0    0    0    0    0    0    0    0    0    0    0    0    0    0    0    0    0    0    0    0    0    0    0    0    0    0    0    0    0 2161 2160    0    0    0    0    0    0    0    0    0    0    0 2286 2262 2250 2248 2248 2248 2246 2241 2233 2221 2208 2195 2180 2175 2163 2136 2124 2112 2100 2087 2077 2071 2067 2062 2054 2051 2052 2053 2053 2053    0    0    0    0    0
   0    0    0    0    0    0    0    0    0    0    0    0    0    0    0    0    0    0    0    0    0    0    0    0    0    0    0    0    0    0    0    0    0    0    0    0    0    0    0    0    0    0    0    0    0    0 2295 2280 2263 2261 2260 2259 2258 2253 2250 2234 2222 2209 2196 2191 2177 2149 2135 2122 2108 2094 2082 2077 2073 2070 2066 2064 2062 2062 2061 2061    0    0    0    0    0
   0    0    0    0    0    0    0    0    0    0    0    0    0    0    0    0    0    0    0    0    0    0    0    0    0    0    0    0    0    0    0    0    0    0    0    0    0    0    0    0    0    0    0    0    0    0    0 2291 2275 2271 2271 2270 2268 2265 2265 2256 2242 2228 2210 2207 2192 2169 2145 2130 2116 2102 2090 2083 2080 2078 2076 2073 2071 2070 2069 2075    0    0    0    0    0
   0    0    0    0    0    0    0    0    0    0    0    0    0    0    0    0    0    0    0    0    0    0    0    0    0    0    0    0    0    0    0    0    0    0    0    0    0    0    0    0    0    0    0    0    0    0    0    0 2290 2282 2280 2279 2277 2274 2269 2274 2262 2249 2237 2226 2209 2185 2153 2137 2121 2108 2100 2092 2089 2086 2084 2081 2079 2077 2081 2082    0    0    0    0    0
   0    0    0    0    0    0    0    0    0    0    0    0    0    0    0    0    0    0    0    0    0    0    0    0    0    0    0    0    0    0    0    0    0    0    0    0    0    0    0    0    0    0    0    0    0    0    0    0    0 2292 2289 2287 2285 2282 2278 2288 2279 2266 2252 2237 2220 2194 2165 2143 2126 2114 2107 2101 2097 2093 2090 2088 2086 2084 2088 2089    0    0    0    0    0
   0    0    0    0    0    0    0    0    0    0    0    0    0    0    0    0    0    0    0    0    0    0    0    0    0    0    0    0    0    0    0    0    0    0    0    0    0    0    0    0    0    0    0    0    0    0    0    0    0 2298 2296 2293 2291 2290 2287 2300 2291 2279 2262 2242 2222 2197 2165 2148 2131 2119 2113 2108 2103 2099 2096 2094 2092 2091 2096 2097    0    0    0    0    0
   0    0    0    0    0    0    0    0    0    0    0    0    0    0    0    0    0    0    0    0    0    0    0    0    0    0    0    0    0    0    0    0    0    0    0    0    0    0    0    0    0    0    0    0    0    0    0    0    0    0 2298 2296 2295 2294 2293 2308 2301 2286 2264 2242 2222 2195 2170 2152 2136 2124 2118 2112 2108 2104 2101 2099 2097 2101 2105 2106    0    0    0    0    0
   0    0    0    0    0    0    0    0    0    0    0    0    0    0    0    0    0    0    0    0    0    0    0    0    0    0    0    0    0    0    0    0    0    0    0    0    0    0    0    0    0    0    0    0    0    0    0    0    0    0    0    0    0    0    0    0 2306 2288 2266 2241 2218 2195 2175 2154 2139 2129 2122 2116 2111 2107 2104 2102 2100 2107 2113 2114    0    0    0    0    0
   0    0    0    0    0    0    0    0    0    0    0    0    0    0    0    0    0    0    0    0    0    0    0    0    0    0    0    0    0    0    0    0    0    0    0    0    0    0    0    0    0    0    0    0    0    0    0    0    0    0    0    0    0    0    0    0 2312 2293 2270 2245 2224 2203 2181 2155 2142 2132 2124 2118 2113 2109 2106 2103 2102 2110 2116    0    0    0    0    0    0
   0    0    0    0    0    0    0    0    0    0    0    0    0    0    0    0    0    0    0    0    0    0    0    0    0    0    0    0    0    0    0    0    0    0    0    0    0    0    0    0    0    0    0    0    0    0    0    0    0    0    0    0    0    0    0    0    0 2303 2279 2252 2231 2215 2199 2181    0    0    0    0    0    0    0    0    0    0 2120    0    0    0    0    0    0
   0    0    0    0    0    0    0    0    0    0    0    0    0    0    0    0    0    0    0    0    0    0    0    0    0    0    0    0    0    0    0    0    0    0    0    0    0    0    0    0    0    0    0    0    0    0    0    0    0    0    0    0    0    0    0    0    0    0 2288 2260 2237 2227    0    0    0    0    0    0    0    0    0    0    0    0    0    0    0    0    0    0    0
   0    0    0    0    0    0    0    0    0    0    0    0    0    0    0    0    0    0    0    0    0    0    0    0    0    0    0    0    0    0    0    0    0    0    0    0    0    0    0    0    0    0    0    0    0    0    0    0    0    0    0    0    0    0    0    0    0    0 2294 2270 2245    0    0    0    0    0    0    0    0    0    0    0    0    0    0    0    0    0    0    0    0
