  0.00   0.00   0.00   0.00   0.00   0.00   0.00   0.00   0.00   0.00   0.00   0.00   0.00   0.00   0.00   0.00   0.00   0.00   0.00   0.00   0.00   0.00   0.00   0.00   0.00   0.00   0.00   0.00   0.00   0.00   0.00   0.00   0.00   0.00   0.00   0.00   0.00   0.00   0.00   0.00   0.00   0.00   0.00   0.00   0.00   0.00   0.00   0.00   0.00   0.00   0.00   0.00   0.00   0.00   0.00   0.00   0.00   0.00   0.00   0.00   0.00   0.00   0.00   0.09   0.09   0.00   0.00   0.00   0.00   0.00   0.00   0.00   0.00   0.00   0.00   0.00   0.00   0.00   0.00   0.00   0.00
  0.00   0.00   0.00   0.00   0.00   0.00   0.00   0.00   0.00   0.00   0.00   0.00   0.00   0.00   0.00   0.00   0.00   0.00   0.00   0.00   0.00   0.00   0.00   0.00   0.00   0.00   0.00   0.00   0.00   0.00   0.00   0.00   0.00   0.00   0.00   0.00   0.00   0.00   0.00   0.00   0.00   0.00   0.00   0.00   0.00   0.00   0.00   0.00   0.00   0.00   0.00   0.00   0.00   0.00   0.00   0.00   0.00   0.00   0.00   0.00   0.00   0.00   0.09   0.09   0.09   0.00   0.00   0.00   0.00   0.00   0.00   0.00   0.00   0.00   0.00   0.00   0.00   0.00   0.00   0.00   0.00
  0.00   0.00   0.00   0.00   0.00   0.00   0.00   0.00   0.00   0.00   0.00   0.00   0.00   0.00   0.00   0.00   0.00   0.00   0.00   0.00   0.00   0.00   0.00   0.00   0.00   0.00   0.00   0.00   0.00   0.00   0.00   0.00   0.00   0.00   0.00   0.00   0.00   0.00   0.00   0.00   0.00   0.00   0.00   0.00   0.00   0.00   0.00   0.00   0.00   0.00   0.00   0.00   0.00   0.00   0.00   0.00   0.00   0.00   0.00   0.00   0.00   0.00   0.09   0.09   0.15   0.00   0.00   0.00   0.00   0.00   0.00   0.00   0.00   0.00   0.00   0.00   0.00   0.00   0.00   0.00   0.00
  0.00   0.00   0.00   0.00   0.00   0.00   0.00   0.00   0.00   0.00   0.00   0.00   0.00   0.00   0.00   0.00   0.00   0.00   0.00   0.00   0.00   0.00   0.00   0.00   0.00   0.00   0.00   0.00   0.00   0.00   0.00   0.00   0.00   0.00   0.00   0.00   0.00   0.00   0.00   0.00   0.00   0.00   0.00   0.00   0.00   0.00   0.00   0.00   0.00   0.00   0.00   0.00   0.00   0.00   0.00   0.00   0.00   0.00   0.00   0.00   0.00   0.09   0.09   0.09   0.15   0.00   0.00   0.00   0.00   0.00   0.00   0.00   0.00   0.00   0.00   0.00   0.00   0.00   0.00   0.00   0.00
  0.00   0.00   0.00   0.00   0.00   0.00   0.00   0.00   0.00   0.00   0.00   0.00   0.00   0.00   0.00   0.00   0.00   0.00   0.00   0.00   0.00   0.00   0.00   0.00   0.00   0.00   0.00   0.00   0.00   0.00   0.00   0.00   0.00   0.00   0.00   0.00   0.00   0.00   0.00   0.00   0.00   0.00   0.00   0.00   0.00   0.00   0.00   0.00   0.00   0.00   0.00   0.00   0.00   0.00   0.00   0.00   0.00   0.00   0.00   0.00   0.00   0.09   0.09   0.09   0.15   0.09   0.00   0.00   0.00   0.00   0.00   0.00   0.00   0.00   0.00   0.00   0.00   0.00   0.00   0.00   0.00
  0.00   0.00   0.00   0.00   0.00   0.00   0.00   0.00   0.00   0.00   0.00   0.00   0.00   0.00   0.00   0.00   0.00   0.00   0.00   0.00   0.00   0.00   0.00   0.00   0.00   0.00   0.00   0.00   0.00   0.00   0.00   0.00   0.00   0.00   0.00   0.00   0.00   0.00   0.00   0.00   0.00   0.00   0.00   0.00   0.00   0.00   0.00   0.00   0.00   0.00   0.00   0.00   0.00   0.00   0.00   0.00   0.00   0.00   0.00   0.00   0.00   0.09   0.09   0.09   0.15   0.15   0.09   0.00   0.00   0.00   0.00   0.00   0.00   0.00   0.00   0.00   0.00   0.00   0.00   0.00   0.00
  0.00   0.00   0.00   0.00   0.00   0.00   0.00   0.00   0.00   0.00   0.00   0.00   0.00   0.00   0.00   0.00   0.00   0.00   0.00   0.00   0.00   0.00   0.00   0.00   0.00   0.00   0.00   0.00   0.00   0.00   0.00   0.00   0.00   0.00   0.00   0.00   0.00   0.00   0.00   0.00   0.00   0.00   0.00   0.00   0.00   0.00   0.00   0.00   0.00   0.00   0.00   0.00   0.00   0.00   0.00   0.00   0.00   0.00   0.00   0.00   0.09   0.09   0.09   0.09   0.15   0.15   0.15   0.09   0.00   0.00   0.00   0.00   0.00   0.00   0.00   0.00   0.00   0.00   0.00   0.00   0.00
  0.00   0.00   0.00   0.00   0.00   0.00   0.00   0.00   0.00   0.00   0.00   0.00   0.00   0.00   0.00   0.00   0.00   0.00   0.00   0.00   0.00   0.00   0.00   0.00   0.00   0.00   0.00   0.00   0.00   0.00   0.00   0.00   0.00   0.00   0.00   0.00   0.00   0.00   0.00   0.00   0.00   0.00   0.00   0.00   0.00   0.00   0.00   0.00   0.00   0.00   0.00   0.00   0.00   0.00   0.00   0.00   0.00   0.00   0.00   0.00   0.09   0.09   0.09   0.09   0.15   0.15   0.15   0.09   0.09   0.09   0.09   0.00   0.00   0.00   0.00   0.00   0.00   0.00   0.00   0.00   0.00
  0.00   0.00   0.00   0.00   0.00   0.00   0.00   0.00   0.00   0.00   0.00   0.00   0.00   0.00   0.00   0.00   0.00   0.00   0.00   0.00   0.00   0.00   0.00   0.00   0.00   0.00   0.00   0.00   0.00   0.00   0.00   0.00   0.00   0.00   0.00   0.00   0.00   0.00   0.00   0.00   0.00   0.00   0.00   0.00   0.00   0.00   0.00   0.00   0.08   0.08   0.00   0.00   0.00   0.00   0.00   0.00   0.00   0.00   0.09   0.09   0.09   0.09   0.09   0.09   0.15   0.15   0.15   0.09   0.09   0.09   0.09   0.09   0.09   0.09   0.09   0.00   0.00   0.00   0.00   0.00   0.00
  0.00   0.00   0.00   0.00   0.00   0.00   0.00   0.00   0.00   0.00   0.00   0.00   0.00   0.00   0.00   0.00   0.00   0.00   0.00   0.00   0.00   0.00   0.00   0.00   0.00   0.00   0.00   0.00   0.00   0.00   0.00   0.00   0.00   0.00   0.00   0.00   0.00   0.00   0.00   0.00   0.00   0.00   0.00   0.00   0.00   0.00   0.00   0.08   0.08   0.08   0.08   0.08   0.08   0.00   0.00   0.00   0.08   0.09   0.09   0.09   0.09   0.09   0.09   0.09   0.15   0.15   0.15   0.09   0.09   0.09   0.09   0.09   0.09   0.09   0.09   0.09   0.00   0.00   0.00   0.00   0.00
  0.00   0.00   0.00   0.00   0.00   0.00   0.00   0.00   0.00   0.00   0.00   0.00   0.00   0.00   0.00   0.00   0.00   0.00   0.00   0.00   0.00   0.00   0.00   0.00   0.00   0.00   0.00   0.00   0.00   0.00   0.00   0.00   0.00   0.00   0.00   0.00   0.00   0.00   0.00   0.00   0.00   0.00   0.00   0.00   0.00   0.00   0.08   0.08   0.08   0.08   0.08   0.08   0.08   0.08   0.08   0.08   0.08   0.09   0.09   0.09   0.09   0.09   0.09   0.09   0.15   0.15   0.15   0.09   0.09   0.09   0.09   0.09   0.09   0.09   0.09   0.09   0.00   0.00   0.00   0.00   0.00
  0.00   0.00   0.00   0.00   0.00   0.00   0.00   0.00   0.00   0.00   0.00   0.00   0.00   0.00   0.00   0.00   0.00   0.00   0.00   0.00   0.00   0.00   0.00   0.00   0.00   0.00   0.00   0.00   0.00   0.00   0.00   0.00   0.00   0.00   0.00   0.00   0.00   0.00   0.00   0.00   0.00   0.00   0.00   0.00   0.00   0.00   0.08   0.08   0.08   0.09   0.09   0.09   0.09   0.09   0.09   0.09   0.09   0.09   0.09   0.09   0.09   0.09   0.09   0.09   0.15   0.15   0.15   0.09   0.09   0.09   0.09   0.09   0.09   0.09   0.09   0.09   0.09   0.00   0.00   0.00   0.00
  0.00   0.00   0.00   0.00   0.00   0.00   0.00   0.00   0.00   0.00   0.00   0.00   0.00   0.00   0.00   0.00   0.00   0.00   0.00   0.00   0.00   0.00   0.00   0.00   0.00   0.00   0.00   0.00   0.00   0.00   0.00   0.00   0.00   0.00   0.00   0.00   0.00   0.00   0.00   0.00   0.00   0.00   0.00   0.00   0.08   0.08   0.08   0.08   0.08   0.09   0.09   0.09   0.09   0.09   0.09   0.09   0.09   0.09   0.09   0.09   0.09   0.09   0.09   0.09   0.15   0.15   0.15   0.09   0.09   0.09   0.09   0.09   0.09   0.09   0.09   0.09   0.09   0.09   0.00   0.00   0.00
  0.00   0.00   0.00   0.00   0.00   0.00   0.00   0.00   0.00   0.00   0.00   0.00   0.00   0.00   0.00   0.00   0.00   0.00   0.00   0.00   0.00   0.00   0.00   0.00   0.00   0.00   0.00   0.00   0.00   0.00   0.00   0.00   0.00   0.00   0.00   0.00   0.00   0.00   0.00   0.00   0.00   0.08   0.08   0.08   0.08   0.08   0.08   0.08   0.08   0.09   0.09   0.09   0.09   0.09   0.09   0.09   0.09   0.09   0.09   0.09   0.09   0.09   0.09   0.09   0.15   0.15   0.15   0.09   0.09   0.09   0.09   0.09   0.09   0.09   0.09   0.09   0.09   0.09   0.09   0.00   0.00
  0.00   0.00   0.00   0.00   0.00   0.00   0.00   0.00   0.00   0.00   0.00   0.00   0.00   0.00   0.00   0.00   0.00   0.00   0.00   0.00   0.00   0.00   0.00   0.00   0.00   0.00   0.00   0.00   0.00   0.00   0.00   0.00   0.00   0.00   0.00   0.00   0.00   0.00   0.00   0.00   0.08   0.08   0.08   0.08   0.08   0.08   0.08   0.08   0.08   0.08   0.08   0.09   0.09   0.09   0.09   0.09   0.09   0.09   0.09   0.09   0.09   0.09   0.09   0.09   0.15   0.15   0.15   0.15   0.09   0.09   0.09   0.09   0.09   0.09   0.09   0.09   0.09   0.09   0.09   0.09   0.00
  0.00   0.00   0.00   0.00   0.00   0.00   0.00   0.00   0.00   0.00   0.00   0.00   0.00   0.00   0.00   0.00   0.00   0.00   0.00   0.00   0.00   0.00   0.00   0.00   0.00   0.00   0.00   0.00   0.00   0.00   0.00   0.00   0.00   0.00   0.00   0.00   0.00   0.00   0.00   0.08   0.08   0.08   0.08   0.08   0.08   0.08   0.08   0.08   0.08   0.08   0.08   0.08   0.09   0.09   0.09   0.09   0.09   0.09   0.09   0.09   0.09   0.09   0.09   0.09   0.15   0.15   0.15   0.15   0.15   0.09   0.09   0.09   0.09   0.09   0.09   0.09   0.09   0.09   0.09   0.09   0.00
  0.00   0.00   0.00   0.00   0.00   0.00   0.00   0.00   0.00   0.00   0.00   0.00   0.00   0.00   0.00   0.00   0.00   0.00   0.00   0.00   0.00   0.00   0.00   0.00   0.00   0.00   0.00   0.00   0.00   0.00   0.00   0.00   0.00   0.00   0.00   0.00   0.00   0.00   0.00   0.08   0.08   0.08   0.08   0.08   0.08   0.08   0.08   0.08   0.08   0.08   0.08   0.08   0.09   0.09   0.09   0.09   0.09   0.09   0.09   0.09   0.09   0.09   0.09   0.09   0.15   0.15   0.15   0.15   0.15   0.15   0.15   0.15   0.15   0.15   0.15   0.15   0.09   0.09   0.09   0.09   0.00
  0.00   0.00   0.00   0.00   0.00   0.00   0.00   0.00   0.00   0.00   0.00   0.00   0.00   0.00   0.00   0.00   0.00   0.00   0.00   0.00   0.00   0.00   0.00   0.00   0.00   0.00   0.00   0.00   0.00   0.00   0.00   0.00   0.00   0.00   0.00   0.00   0.00   0.00   0.00   0.08   0.08   0.08   0.08   0.08   0.08   0.08   0.08   0.08   0.08   0.08   0.08   0.08   0.09   0.09   0.09   0.09   0.09   0.09   0.09   0.09   0.09   0.09   0.09   0.09   0.15   0.15   0.15   0.15   0.15   0.15   0.15   0.15   0.15   0.15   0.15   0.15   0.15   0.09   0.09   0.09   0.00
  0.00   0.00   0.00   0.00   0.00   0.00   0.00   0.00   0.00   0.00   0.00   0.00   0.00   0.00   0.00   0.00   0.00   0.00   0.00   0.00   0.00   0.00   0.00   0.00   0.00   0.00   0.00   0.00   0.00   0.00   0.00   0.00   0.00   0.00   0.08   0.08   0.08   0.08   0.08   0.08   0.08   0.08   0.08   0.08   0.08   0.08   0.08   0.08   0.08   0.08   0.08   0.08   0.09   0.09   0.09   0.09   0.09   0.09   0.09   0.09   0.09   0.09   0.09   0.09   0.15   0.15   0.15   0.15   0.15   0.15   0.15   0.15   0.15   0.15   0.15   0.15   0.15   0.09   0.09   0.09   0.09
  0.00   0.00   0.00   0.00   0.00   0.00   0.00   0.00   0.00   0.00   0.00   0.00   0.00   0.00   0.00   0.00   0.00   0.00   0.00   0.00   0.00   0.00   0.00   0.00   0.00   0.00   0.00   0.00   0.00   0.00   0.00   0.00   0.08   0.08   0.08   0.08   0.08   0.08   0.08   0.08   0.08   0.08   0.08   0.08   0.08   0.08   0.08   0.08   0.08   0.08   0.08   0.08   0.09   0.09   0.09   0.09   0.09   0.09   0.09   0.09   0.09   0.09   0.09   0.09   0.15   0.15   0.15   0.15   0.15   0.15   0.15   0.15   0.15   0.15   0.15   0.15   0.15   0.09   0.09   0.09   0.09
  0.00   0.00   0.00   0.00   0.00   0.00   0.00   0.00   0.00   0.00   0.00   0.00   0.00   0.00   0.00   0.00   0.00   0.00   0.00   0.00   0.00   0.00   0.00   0.00   0.00   0.00   0.00   0.00   0.00   0.08   0.08   0.08   0.08   0.08   0.08   0.08   0.08   0.08   0.08   0.08   0.08   0.08   0.08   0.08   0.08   0.08   0.08   0.08   0.08   0.08   0.08   0.08   0.09   0.09   0.15   0.09   0.09   0.09   0.09   0.09   0.09   0.09   0.09   0.09   0.09   0.15   0.15   0.15   0.15   0.15   0.15   0.15   0.15   0.15   0.15   0.15   0.15   0.09   0.09   0.09   0.09
  0.00   0.00   0.00   0.00   0.00   0.00   0.00   0.00   0.00   0.00   0.00   0.00   0.00   0.00   0.00   0.00   0.00   0.00   0.00   0.00   0.00   0.00   0.00   0.00   0.00   0.00   0.08   0.08   0.08   0.08   0.08   0.08   0.08   0.08   0.08   0.08   0.08   0.08   0.08   0.08   0.08   0.08   0.08   0.08   0.08   0.08   0.08   0.08   0.08   0.08   0.08   0.09   0.09   0.09   0.15   0.09   0.09   0.09   0.09   0.09   0.09   0.09   0.09   0.09   0.09   0.09   0.15   0.15   0.15   0.15   0.15   0.15   0.15   0.15   0.15   0.15   0.15   0.09   0.09   0.09   0.09
  0.00   0.00   0.00   0.00   0.00   0.00   0.00   0.00   0.00   0.00   0.00   0.00   0.00   0.00   0.00   0.00   0.00   0.00   0.00   0.00   0.00   0.00   0.00   0.00   0.08   0.08   0.08   0.08   0.08   0.08   0.08   0.08   0.08   0.08   0.08   0.08   0.08   0.08   0.08   0.08   0.08   0.08   0.08   0.08   0.08   0.08   0.08   0.08   0.09   0.09   0.09   0.09   0.09   0.09   0.15   0.09   0.09   0.09   0.09   0.09   0.09   0.09   0.09   0.09   0.09   0.09   0.09   0.09   0.15   0.15   0.15   0.15   0.15   0.15   0.15   0.15   0.15   0.09   0.09   0.09   0.09
  0.00   0.00   0.00   0.00   0.00   0.00   0.00   0.00   0.00   0.00   0.00   0.00   0.00   0.00   0.00   0.00   0.00   0.00   0.00   0.00   0.00   0.00   0.08   0.08   0.08   0.08   0.08   0.08   0.08   0.08   0.08   0.08   0.08   0.08   0.08   0.08   0.08   0.08   0.08   0.08   0.08   0.08   0.08   0.08   0.09   0.09   0.09   0.09   0.09   0.09   0.09   0.09   0.09   0.09   0.15   0.09   0.09   0.09   0.09   0.09   0.09   0.09   0.09   0.09   0.09   0.09   0.09   0.09   0.09   0.15   0.15   0.15   0.15   0.15   0.15   0.15   0.09   0.09   0.09   0.09   0.09
  0.00   0.00   0.00   0.00   0.00   0.00   0.00   0.00   0.00   0.00   0.00   0.00   0.00   0.00   0.00   0.00   0.00   0.00   0.00   0.00   0.08   0.08   0.08   0.08   0.08   0.08   0.08   0.08   0.08   0.08   0.08   0.08   0.08   0.08   0.08   0.08   0.08   0.08   0.08   0.08   0.08   0.08   0.08   0.09   0.09   0.09   0.09   0.09   0.09   0.09   0.09   0.09   0.09   0.09   0.15   0.15   0.09   0.09   0.09   0.09   0.09   0.09   0.09   0.09   0.09   0.09   0.09   0.09   0.09   0.15   0.15   0.15   0.15   0.15   0.15   0.09   0.09   0.09   0.09   0.09   0.00
  0.00   0.00   0.00   0.00   0.00   0.00   0.00   0.00   0.00   0.00   0.00   0.00   0.00   0.00   0.00   0.00   0.00   0.00   0.08   0.08   0.08   0.08   0.08   0.08   0.08   0.08   0.08   0.08   0.08   0.08   0.08   0.08   0.08   0.08   0.08   0.08   0.08   0.08   0.08   0.08   0.08   0.08   0.09   0.09   0.09   0.09   0.09   0.09   0.09   0.09   0.09   0.09   0.09   0.09   0.15   0.15   0.09   0.09   0.09   0.09   0.09   0.09   0.09   0.09   0.09   0.09   0.09   0.09   0.09   0.09   0.15   0.15   0.15   0.15   0.15   0.09   0.09   0.09   0.09   0.00   0.00
  0.00   0.00   0.00   0.00   0.00   0.00   0.00   0.00   0.00   0.00   0.00   0.00   0.00   0.00   0.00   0.00   0.00   0.08   0.08   0.08   0.08   0.08   0.08   0.08   0.08   0.08   0.08   0.08   0.08   0.08   0.08   0.08   0.08   0.08   0.08   0.08   0.08   0.08   0.08   0.08   0.08   0.09   0.09   0.09   0.09   0.09   0.09   0.09   0.09   0.09   0.09   0.09   0.09   0.09   0.15   0.15   0.09   0.09   0.09   0.09   0.09   0.09   0.09   0.09   0.09   0.09   0.09   0.09   0.09   0.09   0.09   0.15   0.15   0.15   0.15   0.09   0.00   0.00   0.00   0.00   0.00
  0.00   0.00   0.00   0.00   0.00   0.00   0.00   0.00   0.00   0.00   0.00   0.00   0.00   0.00   0.00   0.00   0.08   0.08   0.08   0.08   0.08   0.08   0.08   0.08   0.08   0.08   0.08   0.08   0.08   0.15   0.15   0.15   0.15   0.08   0.08   0.08   0.08   0.08   0.08   0.09   0.09   0.09   0.09   0.09   0.09   0.09   0.09   0.09   0.09   0.09   0.09   0.09   0.09   0.09   0.15   0.15   0.15   0.09   0.09   0.09   0.09   0.09   0.09   0.09   0.09   0.09   0.09   0.09   0.09   0.09   0.09   0.15   0.15   0.15   0.15   0.09   0.00   0.00   0.00   0.00   0.00
  0.00   0.00   0.00   0.00   0.00   0.00   0.00   0.00   0.00   0.00   0.00   0.08   0.08   0.08   0.08   0.08   0.08   0.08   0.08   0.08   0.08   0.08   0.08   0.08   0.08   0.08   0.08   0.08   0.08   0.15   0.15   0.15   0.15   0.15   0.15   0.08   0.08   0.08   0.08   0.09   0.09   0.15   0.15   0.15   0.15   0.15   0.15   0.09   0.09   0.09   0.09   0.09   0.09   0.09   0.15   0.15   0.15   0.09   0.09   0.09   0.09   0.09   0.09   0.09   0.09   0.09   0.09   0.09   0.09   0.09   0.09   0.15   0.15   0.15   0.15   0.09   0.00   0.00   0.00   0.00   0.00
  0.00   0.00   0.00   0.00   0.00   0.00   0.00   0.00   0.00   0.00   0.08   0.08   0.08   0.08   0.08   0.08   0.15   0.15   0.15   0.15   0.15   0.15   0.15   0.15   0.15   0.15   0.15   0.15   0.15   0.15   0.15   0.15   0.15   0.15   0.15   0.15   0.15   0.15   0.15   0.15   0.15   0.15   0.15   0.15   0.15   0.15   0.15   0.15   0.15   0.09   0.09   0.09   0.09   0.09   0.15   0.15   0.15   0.15   0.15   0.15   0.09   0.09   0.09   0.09   0.09   0.09   0.09   0.09   0.09   0.09   0.09   0.15   0.15   0.15   0.15   0.09   0.00   0.00   0.00   0.00   0.00
  0.00   0.00   0.00   0.00   0.00   0.00   0.00   0.00   0.00   0.08   0.08   0.08   0.08   0.08   0.08   0.08   0.15   0.15   0.15   0.15   0.15   0.15   0.15   0.15   0.15   0.15   0.15   0.15   0.15   0.15   0.15   0.15   0.15   0.15   0.15   0.15   0.15   0.15   0.15   0.15   0.15   0.15   0.15   0.15   0.15   0.15   0.15   0.15   0.15   0.15   0.15   0.15   0.15   0.15   0.15   0.15   0.15   0.15   0.15   0.15   0.09   0.09   0.09   0.09   0.09   0.09   0.09   0.09   0.09   0.09   0.09   0.15   0.15   0.15   0.15   0.09   0.00   0.00   0.00   0.00   0.00
  0.00   0.00   0.00   0.00   0.00   0.00   0.00   0.00   0.08   0.08   0.08   0.08   0.08   0.08   0.08   0.08   0.08   0.08   0.08   0.08   0.08   0.08   0.08   0.08   0.08   0.08   0.09   0.09   0.09   0.09   0.09   0.09   0.15   0.15   0.15   0.15   0.15   0.15   0.15   0.15   0.15   0.15   0.15   0.15   0.15   0.15   0.15   0.15   0.15   0.15   0.15   0.15   0.15   0.15   0.15   0.15   0.15   0.15   0.15   0.15   0.09   0.09   0.09   0.09   0.09   0.09   0.09   0.09   0.09   0.09   0.09   0.15   0.15   0.15   0.15   0.09   0.00   0.00   0.00   0.00   0.00
  0.00   0.00   0.00   0.00   0.00   0.00   0.00   0.00   0.08   0.08   0.08   0.08   0.08   0.08   0.08   0.08   0.08   0.08   0.08   0.08   0.08   0.08   0.08   0.08   0.08   0.09   0.09   0.09   0.09   0.09   0.09   0.09   0.15   0.15   0.15   0.15   0.15   0.15   0.15   0.15   0.15   0.09   0.09   0.09   0.09   0.09   0.15   0.15   0.15   0.15   0.15   0.15   0.15   0.15   0.15   0.15   0.15   0.15   0.15   0.15   0.09   0.09   0.09   0.09   0.09   0.09   0.09   0.09   0.09   0.09   0.09   0.15   0.15   0.15   0.15   0.09   0.00   0.00   0.00   0.00   0.00
  0.00   0.00   0.00   0.00   0.00   0.00   0.08   0.08   0.08   0.08   0.08   0.08   0.08   0.08   0.08   0.08   0.08   0.08   0.08   0.08   0.08   0.08   0.09   0.09   0.09   0.09   0.09   0.09   0.09   0.09   0.09   0.09   0.15   0.15   0.15   0.15   0.15   0.15   0.15   0.15   0.15   0.09   0.09   0.09   0.09   0.09   0.15   0.15   0.15   0.15   0.15   0.15   0.15   0.15   0.15   0.15   0.15   0.15   0.15   0.15   0.09   0.09   0.09   0.09   0.09   0.09   0.09   0.09   0.09   0.09   0.15   0.15   0.15   0.15   0.15   0.09   0.00   0.00   0.00   0.00   0.00
  0.00   0.00   0.00   0.00   0.00   0.08   0.08   0.08   0.08   0.08   0.08   0.08   0.08   0.08   0.08   0.08   0.08   0.08   0.09   0.09   0.09   0.09   0.09   0.09   0.09   0.15   0.15   0.09   0.09   0.09   0.09   0.15   0.15   0.15   0.15   0.15   0.15   0.15   0.15   0.15   0.15   0.09   0.09   0.09   0.09   0.09   0.15   0.15   0.15   0.15   0.15   0.15   0.15   0.15   0.15   0.15   0.15   0.15   0.15   0.15   0.09   0.09   0.09   0.09   0.09   0.09   0.09   0.09   0.09   0.09   0.15   0.15   0.15   0.15   0.15   0.09   0.00   0.00   0.00   0.00   0.00
  0.00   0.00   0.00   0.00   0.00   0.08   0.08   0.08   0.08   0.08   0.08   0.08   0.08   0.08   0.15   0.15   0.15   0.15   0.15   0.15   0.15   0.15   0.15   0.15   0.15   0.15   0.15   0.15   0.15   0.15   0.15   0.15   0.15   0.15   0.15   0.15   0.15   0.15   0.15   0.15   0.15   0.09   0.09   0.09   0.09   0.09   0.15   0.15   0.15   0.09   0.09   0.15   0.15   0.15   0.15   0.15   0.15   0.15   0.15   0.15   0.15   0.15   0.15   0.15   0.15   0.09   0.09   0.09   0.09   0.09   0.15   0.15   0.15   0.15   0.15   0.09   0.00   0.00   0.00   0.00   0.00
  0.00   0.00   0.00   0.00   0.00   0.08   0.08   0.08   0.08   0.08   0.08   0.08   0.08   0.15   0.15   0.15   0.15   0.15   0.15   0.15   0.15   0.15   0.15   0.15   0.15   0.15   0.15   0.15   0.15   0.15   0.15   0.15   0.15   0.15   0.15   0.15   0.15   0.15   0.15   0.15   0.09   0.09   0.09   0.09   0.09   0.09   0.15   0.15   0.09   0.09   0.09   0.15   0.15   0.15   0.15   0.15   0.15   0.15   0.15   0.15   0.15   0.15   0.15   0.15   0.15   0.15   0.15   0.15   0.09   0.09   0.15   0.15   0.15   0.15   0.15   0.08   0.00   0.00   0.00   0.00   0.00
  0.00   0.00   0.00   0.00   0.00   0.08   0.08   0.08   0.08   0.08   0.08   0.08   0.08   0.15   0.15   0.15   0.15   0.15   0.15   0.15   0.15   0.15   0.15   0.15   0.15   0.15   0.15   0.15   0.15   0.15   0.15   0.15   0.15   0.15   0.15   0.15   0.15   0.15   0.15   0.15   0.09   0.09   0.09   0.09   0.09   0.09   0.15   0.15   0.09   0.09   0.09   0.09   0.15   0.15   0.15   0.15   0.15   0.15   0.15   0.15   0.15   0.15   0.15   0.15   0.15   0.15   0.15   0.15   0.15   0.15   0.15   0.15   0.15   0.15   0.15   0.08   0.08   0.00   0.00   0.00   0.00
  0.00   0.00   0.00   0.00   0.00   0.08   0.08   0.08   0.08   0.08   0.08   0.08   0.15   0.15   0.15   0.15   0.15   0.15   0.15   0.15   0.15   0.15   0.15   0.15   0.15   0.15   0.15   0.15   0.15   0.15   0.15   0.15   0.15   0.15   0.15   0.15   0.15   0.15   0.15   0.15   0.09   0.09   0.09   0.09   0.09   0.09   0.15   0.15   0.09   0.09   0.09   0.09   0.15   0.15   0.15   0.15   0.15   0.15   0.15   0.15   0.15   0.15   0.15   0.15   0.15   0.15   0.15   0.15   0.15   0.15   0.15   0.15   0.15   0.15   0.15   0.08   0.08   0.00   0.00   0.00   0.00
  0.00   0.00   0.00   0.00   0.08   0.08   0.08   0.08   0.08   0.08   0.08   0.15   0.15   0.15   0.15   0.15   0.15   0.15   0.15   0.15   0.15   0.15   0.15   0.15   0.15   0.15   0.15   0.15   0.15   0.15   0.15   0.15   0.15   0.15   0.15   0.15   0.15   0.15   0.15   0.15   0.09   0.09   0.09   0.09   0.09   0.09   0.15   0.15   0.09   0.09   0.09   0.09   0.09   0.08   0.08   0.08   0.08   0.08   0.08   0.09   0.15   0.15   0.15   0.15   0.15   0.15   0.15   0.15   0.15   0.15   0.15   0.15   0.15   0.15   0.15   0.08   0.08   0.08   0.00   0.00   0.00
  0.00   0.00   0.00   0.00   0.08   0.08   0.08   0.08   0.08   0.08   0.08   0.15   0.15   0.15   0.15   0.15   0.15   0.09   0.09   0.09   0.09   0.09   0.09   0.09   0.09   0.09   0.09   0.09   0.09   0.09   0.09   0.09   0.15   0.15   0.15   0.15   0.15   0.15   0.15   0.09   0.08   0.08   0.08   0.08   0.08   0.08   0.15   0.15   0.09   0.09   0.09   0.09   0.09   0.08   0.08   0.08   0.08   0.08   0.08   0.09   0.09   0.15   0.15   0.15   0.15   0.15   0.15   0.15   0.15   0.15   0.15   0.15   0.15   0.15   0.15   0.08   0.08   0.08   0.08   0.00   0.00
  0.00   0.00   0.00   0.08   0.08   0.08   0.08   0.08   0.08   0.15   0.15   0.15   0.15   0.15   0.08   0.08   0.08   0.08   0.08   0.09   0.09   0.09   0.09   0.09   0.09   0.09   0.09   0.09   0.09   0.09   0.09   0.09   0.15   0.15   0.15   0.15   0.15   0.15   0.15   0.09   0.08   0.08   0.08   0.08   0.08   0.08   0.15   0.15   0.09   0.09   0.09   0.09   0.09   0.08   0.08   0.08   0.08   0.08   0.08   0.09   0.09   0.15   0.15   0.15   0.15   0.15   0.15   0.15   0.15   0.15   0.15   0.15   0.15   0.15   0.15   0.15   0.15   0.08   0.08   0.00   0.00
  0.00   0.00   0.00   0.08   0.08   0.08   0.08   0.08   0.08   0.15   0.15   0.15   0.15   0.08   0.08   0.08   0.08   0.08   0.08   0.08   0.09   0.09   0.09   0.09   0.09   0.09   0.09   0.09   0.09   0.09   0.09   0.09   0.15   0.15   0.15   0.15   0.15   0.15   0.15   0.09   0.08   0.08   0.08   0.08   0.08   0.08   0.15   0.15   0.09   0.09   0.08   0.08   0.08   0.08   0.08   0.08   0.08   0.08   0.08   0.09   0.09   0.15   0.15   0.15   0.15   0.15   0.15   0.09   0.09   0.09   0.09   0.15   0.15   0.15   0.15   0.15   0.15   0.15   0.15   0.00   0.00
  0.00   0.00   0.08   0.08   0.08   0.08   0.08   0.08   0.15   0.15   0.15   0.15   0.08   0.08   0.08   0.08   0.08   0.08   0.08   0.08   0.08   0.09   0.09   0.09   0.09   0.09   0.09   0.09   0.09   0.09   0.09   0.09   0.15   0.15   0.15   0.15   0.15   0.15   0.15   0.09   0.08   0.08   0.08   0.08   0.08   0.08   0.15   0.15   0.09   0.09   0.08   0.08   0.08   0.08   0.08   0.08   0.08   0.08   0.08   0.09   0.09   0.15   0.15   0.09   0.09   0.09   0.09   0.09   0.09   0.09   0.09   0.15   0.15   0.15   0.15   0.15   0.15   0.15   0.15   0.00   0.00
  0.00   0.08   0.08   0.08   0.08   0.08   0.15   0.15   0.15   0.15   0.15   0.15   0.08   0.08   0.08   0.08   0.08   0.08   0.08   0.08   0.08   0.08   0.09   0.09   0.09   0.09   0.09   0.09   0.09   0.09   0.09   0.09   0.15   0.15   0.15   0.15   0.15   0.15   0.15   0.15   0.08   0.08   0.08   0.08   0.08   0.08   0.15   0.15   0.09   0.09   0.08   0.08   0.08   0.08   0.08   0.08   0.08   0.08   0.08   0.09   0.09   0.15   0.15   0.09   0.09   0.09   0.09   0.09   0.09   0.09   0.09   0.15   0.15   0.15   0.15   0.15   0.15   0.15   0.15   0.00   0.00
  0.00   0.08   0.08   0.08   0.08   0.15   0.15   0.15   0.15   0.08   0.08   0.08   0.08   0.08   0.08   0.08   0.08   0.08   0.08   0.08   0.08   0.08   0.09   0.09   0.09   0.09   0.09   0.09   0.09   0.09   0.09   0.09   0.15   0.15   0.15   0.15   0.15   0.15   0.15   0.15   0.08   0.08   0.08   0.08   0.08   0.08   0.15   0.15   0.15   0.09   0.08   0.08   0.08   0.08   0.08   0.08   0.08   0.08   0.08   0.09   0.09   0.15   0.15   0.09   0.09   0.09   0.09   0.09   0.09   0.09   0.09   0.15   0.15   0.15   0.15   0.15   0.15   0.15   0.00   0.00   0.00
  0.08   0.08   0.08   0.08   0.08   0.08   0.08   0.08   0.08   0.08   0.08   0.08   0.08   0.08   0.08   0.08   0.08   0.08   0.08   0.08   0.08   0.08   0.08   0.09   0.09   0.09   0.09   0.09   0.09   0.09   0.09   0.09   0.15   0.15   0.15   0.15   0.15   0.15   0.15   0.15   0.08   0.08   0.08   0.08   0.08   0.08   0.08   0.15   0.15   0.09   0.08   0.08   0.08   0.08   0.08   0.08   0.08   0.08   0.08   0.09   0.09   0.15   0.15   0.09   0.09   0.09   0.09   0.09   0.09   0.09   0.09   0.15   0.15   0.15   0.15   0.15   0.15   0.08   0.00   0.00   0.00
  0.00   0.08   0.08   0.08   0.08   0.08   0.08   0.08   0.08   0.08   0.08   0.08   0.08   0.08   0.08   0.08   0.08   0.08   0.08   0.08   0.08   0.08   0.08   0.09   0.09   0.09   0.09   0.09   0.09   0.09   0.09   0.09   0.15   0.15   0.15   0.15   0.15   0.15   0.15   0.09   0.08   0.08   0.08   0.08   0.08   0.08   0.08   0.15   0.15   0.15   0.08   0.08   0.08   0.08   0.08   0.08   0.08   0.08   0.08   0.09   0.09   0.15   0.15   0.09   0.09   0.09   0.09   0.09   0.09   0.09   0.09   0.15   0.15   0.15   0.15   0.09   0.08   0.00   0.00   0.00   0.00
  0.00   0.00   0.08   0.08   0.08   0.08   0.08   0.08   0.08   0.08   0.08   0.08   0.08   0.08   0.08   0.08   0.08   0.08   0.08   0.08   0.08   0.08   0.08   0.08   0.08   0.09   0.09   0.09   0.09   0.09   0.09   0.09   0.15   0.15   0.15   0.15   0.15   0.15   0.15   0.09   0.08   0.08   0.08   0.08   0.08   0.08   0.08   0.15   0.15   0.15   0.08   0.08   0.08   0.08   0.08   0.08   0.08   0.08   0.08   0.09   0.09   0.15   0.15   0.09   0.09   0.09   0.09   0.09   0.09   0.09   0.15   0.15   0.15   0.15   0.15   0.09   0.00   0.00   0.00   0.00   0.00
  0.00   0.00   0.00   0.08   0.08   0.08   0.08   0.08   0.08   0.08   0.08   0.08   0.08   0.08   0.08   0.08   0.08   0.08   0.08   0.08   0.08   0.08   0.08   0.08   0.08   0.08   0.09   0.09   0.09   0.09   0.09   0.09   0.15   0.15   0.15   0.15   0.15   0.15   0.15   0.09   0.08   0.08   0.08   0.08   0.08   0.08   0.08   0.15   0.15   0.15   0.08   0.08   0.08   0.08   0.08   0.08   0.08   0.08   0.08   0.09   0.09   0.15   0.15   0.09   0.09   0.09   0.09   0.09   0.09   0.09   0.15   0.15   0.15   0.15   0.09   0.09   0.00   0.00   0.00   0.00   0.00
  0.00   0.00   0.00   0.00   0.00   0.00   0.00   0.00   0.08   0.08   0.08   0.08   0.08   0.00   0.00   0.08   0.08   0.08   0.08   0.08   0.08   0.08   0.08   0.08   0.08   0.08   0.08   0.09   0.09   0.09   0.09   0.09   0.15   0.15   0.15   0.15   0.15   0.15   0.15   0.09   0.08   0.08   0.08   0.08   0.08   0.08   0.08   0.15   0.15   0.15   0.08   0.08   0.08   0.08   0.08   0.08   0.08   0.08   0.08   0.09   0.09   0.15   0.15   0.09   0.09   0.09   0.09   0.09   0.09   0.09   0.15   0.15   0.15   0.15   0.09   0.09   0.00   0.00   0.00   0.00   0.00
  0.00   0.00   0.00   0.00   0.00   0.00   0.00   0.00   0.00   0.00   0.00   0.00   0.00   0.00   0.00   0.00   0.08   0.08   0.08   0.08   0.08   0.08   0.08   0.08   0.08   0.08   0.08   0.08   0.09   0.09   0.09   0.09   0.15   0.15   0.15   0.15   0.15   0.15   0.09   0.09   0.08   0.08   0.08   0.08   0.08   0.08   0.08   0.15   0.15   0.15   0.08   0.08   0.08   0.08   0.08   0.08   0.08   0.08   0.08   0.09   0.15   0.15   0.15   0.09   0.09   0.09   0.09   0.09   0.09   0.09   0.15   0.15   0.15   0.15   0.09   0.09   0.00   0.00   0.00   0.00   0.00
  0.00   0.00   0.00   0.00   0.00   0.00   0.00   0.00   0.00   0.00   0.00   0.00   0.00   0.00   0.00   0.00   0.00   0.08   0.08   0.08   0.08   0.08   0.08   0.08   0.08   0.08   0.08   0.08   0.09   0.09   0.09   0.09   0.15   0.15   0.15   0.15   0.15   0.15   0.09   0.09   0.08   0.08   0.08   0.08   0.08   0.08   0.08   0.15   0.15   0.15   0.08   0.08   0.08   0.08   0.08   0.08   0.08   0.08   0.08   0.09   0.15   0.15   0.15   0.09   0.09   0.09   0.09   0.09   0.09   0.09   0.15   0.15   0.15   0.15   0.09   0.09   0.00   0.00   0.00   0.00   0.00
  0.00   0.00   0.00   0.00   0.00   0.00   0.00   0.00   0.00   0.00   0.00   0.00   0.00   0.00   0.00   0.00   0.00   0.00   0.08   0.08   0.08   0.08   0.08   0.08   0.08   0.08   0.08   0.08   0.08   0.09   0.09   0.09   0.15   0.15   0.15   0.15   0.15   0.15   0.09   0.09   0.08   0.08   0.08   0.08   0.08   0.08   0.08   0.15   0.15   0.15   0.08   0.08   0.08   0.08   0.08   0.08   0.08   0.08   0.08   0.09   0.15   0.15   0.15   0.09   0.09   0.09   0.09   0.09   0.09   0.15   0.15   0.15   0.15   0.15   0.09   0.09   0.00   0.00   0.00   0.00   0.00
  0.00   0.00   0.00   0.00   0.00   0.00   0.00   0.00   0.00   0.00   0.00   0.00   0.00   0.00   0.00   0.00   0.00   0.00   0.08   0.08   0.08   0.08   0.08   0.08   0.08   0.08   0.08   0.08   0.08   0.09   0.09   0.09   0.15   0.15   0.15   0.15   0.15   0.15   0.09   0.08   0.08   0.08   0.08   0.08   0.08   0.08   0.08   0.15   0.15   0.15   0.08   0.08   0.08   0.08   0.08   0.08   0.08   0.08   0.08   0.09   0.15   0.15   0.15   0.09   0.09   0.09   0.09   0.09   0.09   0.15   0.15   0.15   0.15   0.15   0.09   0.09   0.00   0.00   0.00   0.00   0.00
  0.00   0.00   0.00   0.00   0.00   0.00   0.00   0.00   0.00   0.00   0.00   0.00   0.00   0.00   0.00   0.00   0.00   0.00   0.00   0.00   0.00   0.08   0.08   0.08   0.08   0.08   0.08   0.08   0.08   0.09   0.09   0.09   0.15   0.15   0.15   0.15   0.15   0.15   0.09   0.08   0.08   0.08   0.08   0.08   0.08   0.08   0.08   0.15   0.15   0.15   0.09   0.08   0.08   0.08   0.08   0.08   0.08   0.08   0.08   0.09   0.15   0.15   0.15   0.09   0.09   0.09   0.09   0.09   0.09   0.15   0.15   0.15   0.15   0.15   0.09   0.09   0.00   0.00   0.00   0.00   0.00
  0.00   0.00   0.00   0.00   0.00   0.00   0.00   0.00   0.00   0.00   0.00   0.00   0.00   0.00   0.00   0.00   0.00   0.00   0.00   0.00   0.00   0.00   0.08   0.08   0.08   0.08   0.08   0.08   0.08   0.08   0.09   0.09   0.15   0.15   0.15   0.15   0.15   0.15   0.09   0.08   0.08   0.08   0.08   0.08   0.08   0.08   0.08   0.08   0.08   0.15   0.09   0.08   0.08   0.08   0.08   0.08   0.08   0.08   0.08   0.09   0.15   0.15   0.09   0.09   0.08   0.08   0.09   0.09   0.09   0.15   0.15   0.15   0.15   0.15   0.09   0.09   0.00   0.00   0.00   0.00   0.00
  0.00   0.00   0.00   0.00   0.00   0.00   0.00   0.00   0.00   0.00   0.00   0.00   0.00   0.00   0.00   0.00   0.00   0.00   0.00   0.00   0.00   0.00   0.00   0.08   0.08   0.08   0.08   0.08   0.08   0.08   0.09   0.09   0.15   0.15   0.15   0.15   0.15   0.15   0.09   0.08   0.08   0.08   0.08   0.08   0.08   0.08   0.08   0.08   0.08   0.15   0.09   0.08   0.08   0.08   0.08   0.08   0.08   0.08   0.08   0.09   0.15   0.09   0.09   0.09   0.08   0.08   0.08   0.09   0.09   0.15   0.15   0.15   0.15   0.15   0.09   0.09   0.00   0.00   0.00   0.00   0.00
  0.00   0.00   0.00   0.00   0.00   0.00   0.00   0.00   0.00   0.00   0.00   0.00   0.00   0.00   0.00   0.00   0.00   0.00   0.00   0.00   0.00   0.00   0.00   0.00   0.00   0.00   0.00   0.00   0.00   0.08   0.08   0.09   0.15   0.15   0.15   0.15   0.15   0.15   0.09   0.08   0.08   0.08   0.08   0.08   0.08   0.08   0.08   0.08   0.08   0.15   0.15   0.08   0.08   0.08   0.08   0.08   0.08   0.08   0.08   0.09   0.09   0.09   0.09   0.09   0.08   0.08   0.08   0.09   0.09   0.15   0.15   0.15   0.15   0.15   0.09   0.09   0.00   0.00   0.00   0.00   0.00
  0.00   0.00   0.00   0.00   0.00   0.00   0.00   0.00   0.00   0.00   0.00   0.00   0.00   0.00   0.00   0.00   0.00   0.00   0.00   0.00   0.00   0.00   0.00   0.00   0.00   0.00   0.00   0.00   0.00   0.00   0.00   0.09   0.15   0.15   0.15   0.15   0.15   0.15   0.08   0.08   0.08   0.08   0.08   0.08   0.08   0.08   0.08   0.08   0.08   0.08   0.15   0.08   0.08   0.08   0.08   0.08   0.08   0.08   0.09   0.09   0.09   0.08   0.08   0.08   0.08   0.08   0.08   0.09   0.15   0.15   0.15   0.15   0.09   0.09   0.09   0.09   0.00   0.00   0.00   0.00   0.00
  0.00   0.00   0.00   0.00   0.00   0.00   0.00   0.00   0.00   0.00   0.00   0.00   0.00   0.00   0.00   0.00   0.00   0.00   0.00   0.00   0.00   0.00   0.00   0.00   0.00   0.00   0.00   0.00   0.00   0.00   0.00   0.00   0.09   0.09   0.09   0.09   0.09   0.09   0.08   0.08   0.08   0.08   0.08   0.08   0.08   0.08   0.08   0.08   0.08   0.08   0.15   0.15   0.08   0.08   0.08   0.08   0.08   0.08   0.08   0.08   0.08   0.08   0.08   0.08   0.08   0.08   0.08   0.09   0.15   0.09   0.15   0.15   0.09   0.09   0.09   0.09   0.00   0.00   0.00   0.00   0.00
  0.00   0.00   0.00   0.00   0.00   0.00   0.00   0.00   0.00   0.00   0.00   0.00   0.00   0.00   0.00   0.00   0.00   0.00   0.00   0.00   0.00   0.00   0.00   0.00   0.00   0.00   0.00   0.00   0.00   0.00   0.00   0.00   0.00   0.09   0.09   0.00   0.00   0.00   0.00   0.00   0.00   0.00   0.00   0.00   0.00   0.00   0.08   0.08   0.08   0.08   0.09   0.15   0.08   0.08   0.08   0.08   0.08   0.08   0.08   0.08   0.08   0.08   0.08   0.08   0.08   0.08   0.09   0.15   0.15   0.09   0.09   0.09   0.09   0.09   0.09   0.09   0.00   0.00   0.00   0.00   0.00
  0.00   0.00   0.00   0.00   0.00   0.00   0.00   0.00   0.00   0.00   0.00   0.00   0.00   0.00   0.00   0.00   0.00   0.00   0.00   0.00   0.00   0.00   0.00   0.00   0.00   0.00   0.00   0.00   0.00   0.00   0.00   0.00   0.00   0.00   0.00   0.00   0.00   0.00   0.00   0.00   0.00   0.00   0.00   0.00   0.00   0.00   0.08   0.08   0.08   0.08   0.09   0.09   0.08   0.08   0.08   0.08   0.08   0.08   0.08   0.08   0.08   0.08   0.08   0.08   0.08   0.08   0.09   0.15   0.15   0.09   0.09   0.09   0.09   0.09   0.09   0.09   0.00   0.00   0.00   0.00   0.00
  0.00   0.00   0.00   0.00   0.00   0.00   0.00   0.00   0.00   0.00   0.00   0.00   0.00   0.00   0.00   0.00   0.00   0.00   0.00   0.00   0.00   0.00   0.00   0.00   0.00   0.00   0.00   0.00   0.00   0.00   0.00   0.00   0.00   0.00   0.00   0.00   0.00   0.00   0.00   0.00   0.00   0.00   0.00   0.00   0.00   0.00   0.00   0.08   0.08   0.08   0.09   0.09   0.08   0.08   0.08   0.08   0.08   0.08   0.08   0.08   0.08   0.08   0.08   0.08   0.08   0.08   0.09   0.15   0.09   0.09   0.09   0.09   0.09   0.09   0.09   0.09   0.00   0.00   0.00   0.00   0.00
  0.00   0.00   0.00   0.00   0.00   0.00   0.00   0.00   0.00   0.00   0.00   0.00   0.00   0.00   0.00   0.00   0.00   0.00   0.00   0.00   0.00   0.00   0.00   0.00   0.00   0.00   0.00   0.00   0.00   0.00   0.00   0.00   0.00   0.00   0.00   0.00   0.00   0.00   0.00   0.00   0.00   0.00   0.00   0.00   0.00   0.00   0.00   0.00   0.08   0.08   0.09   0.09   0.08   0.08   0.08   0.08   0.08   0.08   0.08   0.08   0.08   0.08   0.08   0.08   0.08   0.09   0.09   0.09   0.09   0.09   0.09   0.09   0.09   0.09   0.09   0.09   0.00   0.00   0.00   0.00   0.00
  0.00   0.00   0.00   0.00   0.00   0.00   0.00   0.00   0.00   0.00   0.00   0.00   0.00   0.00   0.00   0.00   0.00   0.00   0.00   0.00   0.00   0.00   0.00   0.00   0.00   0.00   0.00   0.00   0.00   0.00   0.00   0.00   0.00   0.00   0.00   0.00   0.00   0.00   0.00   0.00   0.00   0.00   0.00   0.00   0.00   0.00   0.00   0.00   0.00   0.08   0.08   0.08   0.08   0.08   0.08   0.08   0.08   0.08   0.08   0.08   0.08   0.08   0.08   0.08   0.08   0.09   0.09   0.09   0.09   0.09   0.09   0.09   0.09   0.09   0.09   0.08   0.00   0.00   0.00   0.00   0.00
  0.00   0.00   0.00   0.00   0.00   0.00   0.00   0.00   0.00   0.00   0.00   0.00   0.00   0.00   0.00   0.00   0.00   0.00   0.00   0.00   0.00   0.00   0.00   0.00   0.00   0.00   0.00   0.00   0.00   0.00   0.00   0.00   0.00   0.00   0.00   0.00   0.00   0.00   0.00   0.00   0.00   0.00   0.00   0.00   0.00   0.00   0.00   0.00   0.00   0.08   0.08   0.08   0.08   0.08   0.08   0.08   0.08   0.08   0.08   0.08   0.08   0.08   0.08   0.08   0.08   0.09   0.09   0.09   0.09   0.09   0.09   0.09   0.09   0.09   0.08   0.08   0.00   0.00   0.00   0.00   0.00
  0.00   0.00   0.00   0.00   0.00   0.00   0.00   0.00   0.00   0.00   0.00   0.00   0.00   0.00   0.00   0.00   0.00   0.00   0.00   0.00   0.00   0.00   0.00   0.00   0.00   0.00   0.00   0.00   0.00   0.00   0.00   0.00   0.00   0.00   0.00   0.00   0.00   0.00   0.00   0.00   0.00   0.00   0.00   0.00   0.00   0.00   0.00   0.00   0.00   0.00   0.08   0.08   0.08   0.08   0.08   0.08   0.08   0.08   0.08   0.08   0.08   0.08   0.08   0.08   0.08   0.09   0.09   0.09   0.09   0.09   0.09   0.09   0.09   0.09   0.08   0.08   0.00   0.00   0.00   0.00   0.00
  0.00   0.00   0.00   0.00   0.00   0.00   0.00   0.00   0.00   0.00   0.00   0.00   0.00   0.00   0.00   0.00   0.00   0.00   0.00   0.00   0.00   0.00   0.00   0.00   0.00   0.00   0.00   0.00   0.00   0.00   0.00   0.00   0.00   0.00   0.00   0.00   0.00   0.00   0.00   0.00   0.00   0.00   0.00   0.00   0.00   0.00   0.00   0.00   0.00   0.00   0.00   0.00   0.00   0.00   0.00   0.00   0.08   0.08   0.08   0.08   0.08   0.08   0.08   0.08   0.09   0.09   0.09   0.09   0.09   0.09   0.09   0.09   0.09   0.09   0.08   0.08   0.00   0.00   0.00   0.00   0.00
  0.00   0.00   0.00   0.00   0.00   0.00   0.00   0.00   0.00   0.00   0.00   0.00   0.00   0.00   0.00   0.00   0.00   0.00   0.00   0.00   0.00   0.00   0.00   0.00   0.00   0.00   0.00   0.00   0.00   0.00   0.00   0.00   0.00   0.00   0.00   0.00   0.00   0.00   0.00   0.00   0.00   0.00   0.00   0.00   0.00   0.00   0.00   0.00   0.00   0.00   0.00   0.00   0.00   0.00   0.00   0.00   0.08   0.08   0.08   0.08   0.08   0.09   0.09   0.09   0.09   0.09   0.09   0.09   0.09   0.09   0.09   0.09   0.09   0.09   0.08   0.00   0.00   0.00   0.00   0.00   0.00
  0.00   0.00   0.00   0.00   0.00   0.00   0.00   0.00   0.00   0.00   0.00   0.00   0.00   0.00   0.00   0.00   0.00   0.00   0.00   0.00   0.00   0.00   0.00   0.00   0.00   0.00   0.00   0.00   0.00   0.00   0.00   0.00   0.00   0.00   0.00   0.00   0.00   0.00   0.00   0.00   0.00   0.00   0.00   0.00   0.00   0.00   0.00   0.00   0.00   0.00   0.00   0.00   0.00   0.00   0.00   0.00   0.00   0.08   0.08   0.08   0.09   0.09   0.09   0.09   0.00   0.00   0.00   0.00   0.00   0.00   0.00   0.00   0.00   0.00   0.08   0.00   0.00   0.00   0.00   0.00   0.00
  0.00   0.00   0.00   0.00   0.00   0.00   0.00   0.00   0.00   0.00   0.00   0.00   0.00   0.00   0.00   0.00   0.00   0.00   0.00   0.00   0.00   0.00   0.00   0.00   0.00   0.00   0.00   0.00   0.00   0.00   0.00   0.00   0.00   0.00   0.00   0.00   0.00   0.00   0.00   0.00   0.00   0.00   0.00   0.00   0.00   0.00   0.00   0.00   0.00   0.00   0.00   0.00   0.00   0.00   0.00   0.00   0.00   0.00   0.08   0.08   0.09   0.09   0.00   0.00   0.00   0.00   0.00   0.00   0.00   0.00   0.00   0.00   0.00   0.00   0.00   0.00   0.00   0.00   0.00   0.00   0.00
  0.00   0.00   0.00   0.00   0.00   0.00   0.00   0.00   0.00   0.00   0.00   0.00   0.00   0.00   0.00   0.00   0.00   0.00   0.00   0.00   0.00   0.00   0.00   0.00   0.00   0.00   0.00   0.00   0.00   0.00   0.00   0.00   0.00   0.00   0.00   0.00   0.00   0.00   0.00   0.00   0.00   0.00   0.00   0.00   0.00   0.00   0.00   0.00   0.00   0.00   0.00   0.00   0.00   0.00   0.00   0.00   0.00   0.00   0.08   0.08   0.09   0.00   0.00   0.00   0.00   0.00   0.00   0.00   0.00   0.00   0.00   0.00   0.00   0.00   0.00   0.00   0.00   0.00   0.00   0.00   0.00
