   0    0    0    0    0    0    0    0    0    0    0    0    0    0    0    0    0    0    0    0    0    0    0    0    0    0    0    0    0    0    0    0    0    0    0    0    0    0    0    0    0    0    0    0    0    0    0    0    0    0    0    0    0    0    0    0    0    0    0    0    0    0    0 2096 2078    0    0    0    0    0    0    0    0    0    0    0    0    0    0    0    0
   0    0    0    0    0    0    0    0    0    0    0    0    0    0    0    0    0    0    0    0    0    0    0    0    0    0    0    0    0    0    0    0    0    0    0    0    0    0    0    0    0    0    0    0    0    0    0    0    0    0    0    0    0    0    0    0    0    0    0    0    0    0 2100 2088 2066    0    0    0    0    0    0    0    0    0    0    0    0    0    0    0    0
   0    0    0    0    0    0    0    0    0    0    0    0    0    0    0    0    0    0    0    0    0    0    0    0    0    0    0    0    0    0    0    0    0    0    0    0    0    0    0    0    0    0    0    0    0    0    0    0    0    0    0    0    0    0    0    0    0    0    0    0    0    0 2091 2074 2054    0    0    0    0    0    0    0    0    0    0    0    0    0    0    0    0
   0    0    0    0    0    0    0    0    0    0    0    0    0    0    0    0    0    0    0    0    0    0    0    0    0    0    0    0    0    0    0    0    0    0    0    0    0    0    0    0    0    0    0    0    0    0    0    0    0    0    0    0    0    0    0    0    0    0    0    0    0 2088 2082 2058 2051    0    0    0    0    0    0    0    0    0    0    0    0    0    0    0    0
   0    0    0    0    0    0    0    0    0    0    0    0    0    0    0    0    0    0    0    0    0    0    0    0    0    0    0    0    0    0    0    0    0    0    0    0    0    0    0    0    0    0    0    0    0    0    0    0    0    0    0    0    0    0    0    0    0    0    0    0    0 2083 2071 2052 2049 2049    0    0    0    0    0    0    0    0    0    0    0    0    0    0    0
   0    0    0    0    0    0    0    0    0    0    0    0    0    0    0    0    0    0    0    0    0    0    0    0    0    0    0    0    0    0    0    0    0    0    0    0    0    0    0    0    0    0    0    0    0    0    0    0    0    0    0    0    0    0    0    0    0    0    0    0    0 2079 2064 2051 2049 2048 2046    0    0    0    0    0    0    0    0    0    0    0    0    0    0
   0    0    0    0    0    0    0    0    0    0    0    0    0    0    0    0    0    0    0    0    0    0    0    0    0    0    0    0    0    0    0    0    0    0    0    0    0    0    0    0    0    0    0    0    0    0    0    0    0    0    0    0    0    0    0    0    0    0    0    0 2086 2081 2066 2055 2049 2045 2044 2046    0    0    0    0    0    0    0    0    0    0    0    0    0
   0    0    0    0    0    0    0    0    0    0    0    0    0    0    0    0    0    0    0    0    0    0    0    0    0    0    0    0    0    0    0    0    0    0    0    0    0    0    0    0    0    0    0    0    0    0    0    0    0    0    0    0    0    0    0    0    0    0    0    0 2090 2083 2072 2060 2047 2041 2042 2046 2050 2053 2055    0    0    0    0    0    0    0    0    0    0
   0    0    0    0    0    0    0    0    0    0    0    0    0    0    0    0    0    0    0    0    0    0    0    0    0    0    0    0    0    0    0    0    0    0    0    0    0    0    0    0    0    0    0    0    0    0    0    0 2115 2114    0    0    0    0    0    0    0    0 2082 2086 2085 2076 2068 2058 2044 2039 2040 2044 2050 2054 2056 2052 2050 2051 2053    0    0    0    0    0    0
   0    0    0    0    0    0    0    0    0    0    0    0    0    0    0    0    0    0    0    0    0    0    0    0    0    0    0    0    0    0    0    0    0    0    0    0    0    0    0    0    0    0    0    0    0    0    0 2118 2115 2114 2116 2111 2102    0    0    0 2083 2081 2079 2079 2077 2072 2063 2051 2042 2037 2038 2040 2050 2055 2056 2053 2048 2049 2051 2053    0    0    0    0    0
   0    0    0    0    0    0    0    0    0    0    0    0    0    0    0    0    0    0    0    0    0    0    0    0    0    0    0    0    0    0    0    0    0    0    0    0    0    0    0    0    0    0    0    0    0    0 2124 2116 2108 2109 2106 2099 2096 2095 2093 2090 2086 2081 2077 2074 2072 2068 2060 2048 2040 2036 2036 2038 2046 2053 2055 2053 2047 2042 2044 2048    0    0    0    0    0
   0    0    0    0    0    0    0    0    0    0    0    0    0    0    0    0    0    0    0    0    0    0    0    0    0    0    0    0    0    0    0    0    0    0    0    0    0    0    0    0    0    0    0    0    0    0 2123 2112 2104 2097 2088 2086 2087 2091 2092 2090 2084 2078 2074 2069 2066 2066 2061 2048 2040 2036 2035 2036 2042 2047 2050 2049 2045 2040 2038 2042 2047    0    0    0    0
   0    0    0    0    0    0    0    0    0    0    0    0    0    0    0    0    0    0    0    0    0    0    0    0    0    0    0    0    0    0    0    0    0    0    0    0    0    0    0    0    0    0    0    0 2137 2127 2117 2109 2101 2089 2080 2074 2075 2082 2087 2087 2081 2075 2070 2065 2062 2061 2057 2049 2040 2037 2033 2032 2037 2040 2042 2044 2042 2037 2032 2039 2047 2053    0    0    0
   0    0    0    0    0    0    0    0    0    0    0    0    0    0    0    0    0    0    0    0    0    0    0    0    0    0    0    0    0    0    0    0    0    0    0    0    0    0    0    0    0 2149 2143 2139 2130 2115 2109 2102 2091 2086 2081 2077 2065 2070 2077 2079 2077 2072 2067 2062 2059 2056 2052 2047 2041 2035 2030 2028 2031 2034 2037 2038 2036 2030 2029 2038 2047 2054 2058    0    0
   0    0    0    0    0    0    0    0    0    0    0    0    0    0    0    0    0    0    0    0    0    0    0    0    0    0    0    0    0    0    0    0    0    0    0    0    0    0    0    0 2155 2148 2139 2136 2121 2110 2104 2097 2088 2085 2081 2078 2063 2058 2062 2066 2069 2068 2064 2058 2055 2051 2048 2045 2041 2035 2029 2024 2025 2027 2031 2032 2029 2025 2025 2033 2043 2051 2057 2061    0
   0    0    0    0    0    0    0    0    0    0    0    0    0    0    0    0    0    0    0    0    0    0    0    0    0    0    0    0    0    0    0    0    0    0    0    0    0    0    0 2160 2152 2154 2156 2145 2128 2118 2109 2098 2088 2084 2079 2072 2061 2052 2047 2051 2061 2061 2057 2053 2050 2046 2043 2041 2039 2035 2029 2021 2021 2024 2027 2027 2022 2018 2019 2027 2039 2051 2056 2058    0
   0    0    0    0    0    0    0    0    0    0    0    0    0    0    0    0    0    0    0    0    0    0    0    0    0    0    0    0    0    0    0    0    0    0    0    0    0    0    0 2130 2170 2171 2165 2150 2132 2121 2111 2105 2094 2085 2079 2072 2065 2056 2037 2037 2051 2052 2049 2046 2042 2040 2039 2037 2036 2034 2030 2020 2017 2020 2022 2021 2015 2012 2011 2020 2036 2050 2053 2053    0
   0    0    0    0    0    0    0    0    0    0    0    0    0    0    0    0    0    0    0    0    0    0    0    0    0    0    0    0    0    0    0    0    0    0    0    0    0    0    0 2178 2172 2163 2151 2137 2123 2111 2101 2095 2087 2080 2076 2070 2066 2053 2030 2024 2039 2043 2041 2038 2036 2035 2035 2035 2033 2032 2029 2020 2013 2018 2019 2018 2015 2006 2005 2012 2026 2040 2045 2049    0
   0    0    0    0    0    0    0    0    0    0    0    0    0    0    0    0    0    0    0    0    0    0    0    0    0    0    0    0    0    0    0    0    0    0 2192 2182 2183 2181 2173 2164 2154 2143 2133 2121 2110 2100 2092 2083 2073 2066 2060 2056 2054 2039 2017 2016 2028 2032 2031 2031 2030 2029 2029 2032 2031 2030 2026 2018 2010 2015 2016 2014 2011 2002 2000 2006 2015 2027 2037 2043 2045
   0    0    0    0    0    0    0    0    0    0    0    0    0    0    0    0    0    0    0    0    0    0    0    0    0    0    0    0    0    0    0    0 2200 2186 2170 2155 2158 2158 2152 2143 2134 2123 2112 2102 2092 2085 2080 2076 2067 2054 2042 2032 2030 2020 2003 2005 2015 2023 2022 2023 2024 2024 2026 2029 2030 2028 2021 2015 2005 2007 2008 2003 1998 1995 1993 1996 2004 2015 2030 2038 2042
   0    0    0    0    0    0    0    0    0    0    0    0    0    0    0    0    0    0    0    0    0    0    0    0    0    0    0    0    0 2214 2203 2186 2173 2161 2143 2126 2131 2132 2129 2122 2114 2104 2094 2083 2075 2069 2064 2059 2054 2045 2033 2016 2005 1996 1990 1994 2004 2012 2013 2014 2016 2020 2024 2027 2027 2021 2015 2008 1999 1993 1996 1992 1990 1990 1988 1989 1994 2005 2023 2032 2036
   0    0    0    0    0    0    0    0    0    0    0    0    0    0    0    0    0    0    0    0    0    0    0    0    0    0 2210 2208 2203 2194 2175 2159 2148 2137 2121 2103 2109 2111 2108 2102 2094 2085 2075 2064 2054 2049 2046 2043 2038 2034 2026 2011 1995 1985 1980 1985 1996 2003 2004 2007 2013 2017 2021 2023 2019 2014 2009 2004 1995 1988 1986 1986 1987 1987 1987 1987 1987 1998 2014 2025 2030
   0    0    0    0    0    0    0    0    0    0    0    0    0    0    0    0    0    0    0    0    0    0    0    0 2249 2232 2208 2191 2178 2164 2146 2134 2126 2117 2105 2094 2094 2094 2090 2083 2075 2062 2049 2040 2036 2033 2031 2027 2022 2019 2018 2010 1992 1978 1972 1978 1986 1990 1994 2002 2010 2016 2019 2019 2014 2008 2005 2000 1993 1985 1982 1984 1986 1988 1989 1988 1987 1993 2005 2020 2026
   0    0    0    0    0    0    0    0    0    0    0    0    0    0    0    0    0    0    0    0    0    0 2260 2246 2230 2213 2187 2166 2153 2136 2123 2115 2108 2101 2093 2086 2081 2079 2073 2065 2054 2041 2031 2024 2020 2017 2013 2009 2006 2007 2008 2002 1989 1974 1966 1968 1976 1979 1986 2001 2007 2012 2017 2018 2010 2003 2001 1997 1992 1983 1979 1982 1988 1994 1999 1999 1994 1995 2007 2026 2037
   0    0    0    0    0    0    0    0    0    0    0    0    0    0    0    0    0    0    0    0 2301 2267 2241 2225 2211 2195 2170 2145 2126 2114 2107 2100 2093 2087 2081 2077 2072 2063 2058 2049 2037 2026 2017 2010 2004 2000 1996 1994 1994 1997 1998 1995 1984 1970 1961 1958 1963 1968 1979 1995 2003 2008 2013 2016 2007 2001 1998 1996 1990 1981 1976 1981 1987 1995 2001 2005 2003 2001 2010 2028    0
   0    0    0    0    0    0    0    0    0    0    0    0    0    0    0    0    0    0 2310 2303 2283 2230 2225 2212 2200 2180 2156 2130 2107 2098 2093 2087 2081 2075 2069 2066 2063 2052 2045 2037 2026 2014 2002 1996 1992 1986 1983 1981 1984 1987 1989 1989 1982 1973 1963 1953 1952 1960 1972 1988 1997 2001 2007 2009 2002 1996 1995 1994 1990 1978 1976 1977 1983 1993 2001 2008 2012 2006 2009    0    0
   0    0    0    0    0    0    0    0    0    0    0    0    0    0    0    0    0 2300 2294 2284 2271 2243 2212 2202 2189 2169 2146 2121 2096 2086 2081 2076 2070 2065 2060 2055 2052 2041 2036 2030 2018 2002 1991 1985 1980 1975 1971 1970 1974 1978 1980 1982 1979 1972 1962 1948 1948 1955 1967 1982 1992 1997 2001 2002 1995 1990 1991 1992 1990 1981 1976 1975 1978 1990 2003 2011    0    0    0    0    0
   0    0    0    0    0    0    0    0    0    0    0    0    0    0    0    0 2300 2293 2281 2272 2258 2233 2203 2190 2176 2157 2137 2117 2095 2078 2071 2064 2060 2055 2050 2047 2044 2037 2030 2022 2010 1995 1983 1977 1972 1967 1963 1963 1966 1969 1973 1975 1973 1969 1960 1948 1943 1950 1962 1976 1985 1991 1993 1992 1989 1985 1986 1988 1988 1987 1979 1979 1974 1986 1998 2012    0    0    0    0    0
   0    0    0    0    0    0    0    0    0    0    0 2397 2370 2349 2328 2307 2295 2283 2272 2261 2248 2222 2196 2178 2163 2146 2131 2113 2094 2078 2067 2059 2053 2047 2043 2040 2036 2031 2026 2012 2000 1988 1977 1970 1965 1960 1957 1956 1958 1961 1965 1968 1967 1963 1956 1944 1938 1946 1959 1969 1976 1982 1983 1983 1982 1979 1980 1982 1987 1987 1982 1980 1974 1980 1991 2001    0    0    0    0    0
   0    0    0    0    0    0    0    0    0    0 2440 2355 2355 2342 2321 2304 2288 2274 2265 2255 2241 2215 2198 2178 2157 2139 2120 2105 2094 2082 2067 2058 2049 2041 2035 2031 2026 2020 2013 2001 1990 1982 1974 1970 1968 1963 1955 1952 1952 1954 1958 1961 1961 1957 1950 1938 1933 1945 1957 1961 1965 1971 1973 1976 1976 1973 1974 1977 1984 1986 1985 1982 1972 1975 1982 1988    0    0    0    0    0
   0    0    0    0    0    0    0    0    0 2474 2439 2396 2368 2342 2319 2300 2285 2272 2263 2250 2236 2217 2200 2180 2160 2144 2124 2103 2092 2079 2066 2056 2049 2040 2030 2024 2016 2009 2003 1993 1985 1980 1984 1981 1980 1974 1963 1952 1948 1948 1950 1953 1956 1953 1944 1931 1979 1941 1951 1952 1956 1961 1966 1970 1970 1966 1967 1973 1982 1986 1986 1985 1968 1970 1976 1979    0    0    0    0    0
   0    0    0    0    0    0    0    0 2485 2473 2449 2410 2381 2348 2317 2298 2285 2273 2265 2255 2239 2224 2206 2183 2161 2142 2122 2109 2102 2087 2071 2060 2053 2045 2034 2024 2017 2012 2007 1997 1988 1989 2002 2005 2004 1992 1970 1954 1947 1943 1940 1942 1948 1946 1941 1979 1974 1979 1938 1940 1947 1953 1960 1965 1964 1959 1962 1970 1979 1984 1980 1978 1964 1966 1971 1974    0    0    0    0    0
   0    0    0    0    0    0    0    0 2484 2481 2447 2411 2380 2349 2318 2304 2292 2283 2276 2266 2250 2231 2204 2183 2162 2142 2129 2121 2110 2092 2075 2064 2056 2046 2038 2032 2025 2018 2014 2000 1991 1997 2007 2009 2008 1998 1976 1957 1949 1944 1941 1934 1935 1938 1935 1979 1971 1971 1974 1930 1936 1944 1951 1955 1954 1951 1957 1967 1974 1977 1974 1972 1960 1959 1967 1969    0    0    0    0    0
   0    0    0    0    0    0 2488 2478 2480 2468 2438 2401 2372 2345 2326 2316 2309 2303 2297 2286 2266 2237 2206 2187 2169 2151 2141 2137 2125 2102 2085 2072 2060 2051 2044 2037 2029 2025 2019 2005 1996 1998 2007 2010 2004 1990 1979 1963 1953 1950 1946 1934 1974 1971 1973 1971 1970 1967 1966 1968 1973 1932 1938 1940 1940 1942 1952 1962 1969 1970 1966 1965 1956 1948 1959 1964    0    0    0    0    0
   0    0    0    0    0 2504 2485 2472 2466 2454 2421 2385 2360 2339 2327 2320 2312 2307 2302 2297 2278 2248 2211 2190 2176 2154 2141 2135 2127 2107 2091 2077 2066 2058 2049 2041 2034 2029 2022 2007 2000 2002 2010 2009 1995 1985 1975 1963 1958 1956 1945 1933 1975 1970 1966 1964 1969 1969 1961 1961 1963 1968 1973 1976 1977 1934 1944 1954 1961 1962 1960 1958 1949 1941 1950 1958    0    0    0    0    0
   0    0    0    0    0 2501 2484 2466 2456 2434 2401 2370 2347 2327 2317 2309 2298 2289 2288 2289 2282 2260 2223 2198 2178 2162 2148 2127 2115 2103 2091 2081 2072 2062 2051 2043 2037 2033 2024 2007 2004 2010 2015 2014 1996 1985 1974 1967 1967 1963 1947 1935 1977 1972 1967 1963 1960 1959 1957 1956 1956 1958 1960 1962 1969 1978 1936 1943 1948 1949 1953 1949 1937 1939 1950 1956    0    0    0    0    0
   0    0    0    0    0 2501 2484 2464 2444 2414 2383 2353 2332 2313 2299 2289 2279 2272 2269 2269 2268 2256 2228 2199 2184 2179 2165 2146 2130 2117 2105 2088 2074 2063 2053 2047 2042 2034 2022 2011 2018 2023 2023 2020 2009 1991 1978 1978 1981 1975 1958 1942 1930 1974 1969 1965 1962 1959 1955 1954 1953 1953 1953 1956 1964 1971 1976 1930 1934 1933 1931 1977 1975 1937 1947 1953    0    0    0    0    0
   0    0    0    0    0 2501 2484 2464 2432 2401 2368 2342 2318 2297 2289 2281 2274 2267 2262 2256 2248 2238 2224 2218 2206 2189 2171 2156 2140 2127 2111 2091 2076 2067 2059 2051 2044 2034 2020 2024 2035 2035 2032 2026 2017 1998 1985 1988 1993 1985 1967 1946 1935 1978 1972 1967 1965 1962 1958 1954 1952 1951 1950 1953 1959 1963 1966 1966 1969 1968 1964 1957 1962 1975 1941 1946 1948    0    0    0    0
   0    0    0    0    0 2503 2486 2455 2417 2385 2356 2335 2312 2294 2289 2282 2276 2271 2270 2268 2262 2256 2246 2235 2215 2197 2181 2165 2145 2127 2112 2093 2080 2072 2063 2055 2045 2032 2024 2038 2046 2043 2039 2033 2020 2005 1996 1998 2004 1990 1970 1954 1942 1934 1978 1974 1971 1967 1963 1956 1955 1953 1950 1948 1948 1952 1955 1953 1953 1952 1950 1948 1951 1962 1979 1943 1945    0    0    0    0
   0    0    0    0 2507 2497 2472 2434 2405 2370 2342 2329 2318 2302 2297 2291 2285 2285 2286 2287 2284 2274 2258 2241 2225 2207 2188 2165 2143 2126 2112 2096 2083 2074 2066 2056 2045 2033 2033 2049 2056 2052 2047 2045 2030 2012 2005 2001 2008 2005 1988 1964 1950 1943 1938 1934 1979 1979 1975 1969 1966 1956 1954 1953 1951 1945 1942 1941 1940 1939 1939 1940 1943 1951 1966 1933 1940 1940    0    0    0
   0    0    0    0 2507 2485 2452 2416 2391 2357 2332 2324 2318 2315 2315 2306 2304 2304 2302 2301 2297 2280 2258 2241 2224 2205 2185 2160 2143 2130 2117 2102 2086 2074 2067 2055 2044 2035 2044 2062 2071 2063 2053 2051 2048 2025 2012 2010 2019 2018 2006 1978 1963 1957 1954 1952 1947 1946 1940 1941 1933 1966 1959 1961 1955 1953 1947 1951 1939 1937 1933 1933 1932 1938 1947 1957 1956 1955 1950    0    0
   0    0    0 2520 2502 2470 2436 2402 2374 2347 2331 2327 2330 2336 2337 2332 2331 2322 2308 2297 2281 2266 2249 2234 2217 2200 2183 2161 2146 2136 2123 2108 2091 2077 2067 2054 2043 2039 2052 2073 2082 2075 2061 2051 2049 2041 2021 2023 2031 2027 2017 1999 1987 1977 1976 1972 1966 1962 1957 1950 1936 1972 1966 1971 1931 1936 1935 1931 1945 1937 1931 1927 1924 1926 1931 1937 1930 1946 1930    0    0
   0    0    0 2524 2491 2452 2423 2399 2371 2350 2340 2344 2348 2355 2358 2357 2351 2335 2304 2283 2268 2253 2240 2227 2211 2196 2180 2167 2155 2137 2126 2111 2095 2079 2072 2066 2056 2043 2050 2069 2077 2074 2067 2054 2048 2043 2029 2034 2040 2038 2032 2024 2013 2004 1998 1993 1983 1973 1962 1949 1936 1975 1973 1932 1940 1943 1944 1942 1930 1948 1936 1929 1924 1921 1920 1922 1925 1910 1910 1910    0
   0    0 2541 2513 2486 2463 2435 2408 2383 2364 2358 2360 2364 2373 2375 2373 2367 2351 2323 2297 2274 2254 2240 2227 2213 2202 2187 2171 2160 2145 2129 2112 2099 2086 2079 2076 2073 2057 2048 2059 2068 2070 2069 2061 2048 2038 2032 2040 2045 2050 2050 2045 2037 2030 2021 2010 1997 1983 1962 1950 1941 1930 1931 1941 1948 1951 1950 1945 1960 1956 1941 1933 1900 1900 1900 1900 1900 1900 1900 1900    0
   0 2561 2520 2486 2467 2463 2445 2421 2392 2376 2374 2373 2382 2386 2388 2389 2387 2371 2344 2315 2286 2263 2245 2234 2218 2206 2191 2172 2159 2147 2131 2114 2103 2093 2086 2082 2079 2068 2052 2054 2063 2070 2074 2071 2058 2043 2035 2040 2049 2057 2063 2065 2064 2057 2045 2028 2007 1988 1965 1952 1944 1936 1938 1945 1955 1956 1954 1944 1960 1958 1945 1935 1929 1924 1921 1918 1916 1914 1912 1900    0
   0 2554 2502 2468 2466 2465 2453 2431 2410 2392 2382 2386 2396 2398 2400 2403 2406 2393 2361 2333 2302 2277 2257 2241 2229 2216 2196 2174 2157 2145 2133 2118 2105 2096 2089 2084 2079 2068 2056 2055 2063 2073 2080 2082 2072 2055 2039 2041 2055 2066 2076 2083 2087 2081 2063 2043 2016 1989 1969 1957 1950 1941 1942 1948 1956 1959 1955 1942 1930 1957 1945 1936 1930 1926 1923 1923 1920 1918    0    0    0
2579 2553 2500 2471 2459 2451 2451 2447 2423 2403 2403 2411 2412 2411 2413 2416 2419 2403 2372 2345 2317 2288 2267 2251 2239 2226 2202 2179 2159 2142 2132 2119 2106 2097 2089 2082 2075 2064 2057 2058 2066 2077 2086 2091 2087 2068 2047 2042 2058 2073 2088 2102 2105 2094 2077 2054 2022 1992 1973 1963 1957 1948 1949 1952 1957 1959 1950 1942 1979 1962 1951 1941 1934 1930 1931 1930 1928 1924    0    0    0
   0 2561 2519 2484 2467 2455 2470 2466 2435 2426 2429 2434 2430 2424 2426 2430 2430 2414 2391 2359 2332 2301 2277 2260 2245 2230 2207 2184 2162 2142 2128 2117 2106 2096 2088 2079 2072 2063 2059 2061 2069 2079 2089 2095 2097 2082 2055 2045 2054 2074 2099 2115 2122 2107 2089 2065 2031 2002 1979 1965 1959 1956 1957 1958 1962 1955 1946 1938 1978 1966 1956 1942 1937 1937 1944 1940 1936    0    0    0    0
   0    0 2548 2518 2495 2482 2498 2490 2473 2452 2453 2455 2451 2439 2439 2443 2443 2426 2405 2375 2347 2318 2288 2268 2249 2233 2212 2189 2166 2142 2125 2113 2103 2094 2086 2077 2071 2064 2062 2063 2071 2080 2091 2099 2104 2093 2067 2048 2050 2070 2102 2126 2137 2124 2099 2075 2042 2010 1984 1969 1964 1965 1966 1964 1961 1953 1943 1935 1975 1964 1954 1946 1943 1949 1958 1954    0    0    0    0    0
   0    0    0 2552 2533 2525 2521 2519 2512 2460 2475 2474 2463 2456 2453 2456 2453 2436 2413 2383 2356 2331 2300 2277 2255 2239 2217 2191 2166 2140 2127 2112 2100 2091 2083 2076 2071 2066 2065 2072 2082 2091 2099 2108 2111 2105 2080 2056 2051 2066 2100 2129 2144 2135 2111 2082 2050 2019 1996 1979 1972 1974 1974 1970 1960 1952 1943 1935 1975 1964 1956 1952 1949 1954 1966 1971    0    0    0    0    0
   0    0    0    0    0    0    0    0 2540 2475 2490 2487 2470    0    0 2468 2465 2446 2417 2386 2361 2338 2310 2284 2261 2243 2221 2194 2168 2144 2126 2112 2099 2089 2083 2077 2072 2068 2074 2085 2095 2105 2118 2127 2129 2122 2096 2068 2057 2065 2098 2129 2150 2145 2122 2090 2057 2029 2007 1990 1980 1982 1984 1978 1963 1953 1945 1937 1977 1969 1962 1957 1956 1960 1970 1978    0    0    0    0    0
   0    0    0    0    0    0    0    0    0    0    0    0    0    0    0    0 2467 2448 2418 2390 2363 2340 2317 2290 2269 2248 2223 2196 2170 2146 2127 2111 2098 2088 2084 2079 2074 2074 2083 2096 2110 2124 2139 2150 2154 2141 2109 2084 2073 2073 2099 2130 2151 2151 2128 2096 2064 2038 2015 2003 1989 1990 1995 1991 1973 1958 1949 1941 1932 1974 1969 1964 1965 1969 1977 1937    0    0    0    0    0
   0    0    0    0    0    0    0    0    0    0    0    0    0    0    0    0    0 2444 2416 2389 2362 2339 2321 2304 2280 2250 2223 2197 2171 2147 2129 2112 2100 2089 2084 2079 2078 2080 2091 2104 2123 2143 2160 2171 2175 2155 2122 2098 2087 2084 2101 2132 2152 2155 2128 2097 2068 2043 2023 2011 2000 2000 2004 2002 1986 1964 1952 1945 1937 1931 1975 1972 1975 1930 1936 1943    0    0    0    0    0
   0    0    0    0    0    0    0    0    0    0    0    0    0    0    0    0    0    0 2413 2387 2359 2336 2321 2311 2280 2251 2223 2199 2172 2148 2130 2112 2100 2091 2085 2081 2080 2085 2093 2107 2126 2149 2168 2183 2188 2162 2131 2111 2099 2092 2107 2134 2154 2158 2130 2097 2073 2048 2029 2019 2011 2010 2009 2007 1996 1972 1958 1951 1946 1943 1931 1978 1934 1940 1943 1949    0    0    0    0    0
   0    0    0    0    0    0    0    0    0    0    0    0    0    0    0    0    0    0 2411 2382 2352 2332 2318 2301 2274 2251 2224 2198 2172 2150 2132 2115 2102 2092 2085 2082 2083 2088 2095 2108 2126 2146 2166 2184 2193 2174 2143 2124 2111 2103 2112 2137 2159 2163 2130 2102 2082 2059 2037 2029 2024 2019 2015 2010 1996 1978 1966 1960 1959 1955 1941 1934 1943 1948 1952 1957    0    0    0    0    0
   0    0    0    0    0    0    0    0    0    0    0    0    0    0    0    0    0    0    0    0    0 2327 2314 2296 2271 2249 2223 2195 2172 2151 2134 2114 2103 2093 2086 2084 2085 2090 2098 2111 2129 2148 2167 2186 2199 2194 2160 2138 2124 2115 2121 2142 2166 2166 2132 2110 2091 2069 2048 2040 2035 2028 2021 2017 2001 1983 1974 1972 1971 1966 1952 1941 1953 1961 1964 1970    0    0    0    0    0
   0    0    0    0    0    0    0    0    0    0    0    0    0    0    0    0    0    0    0    0    0    0 2309 2293 2270 2247 2224 2194 2172 2150 2133 2115 2104 2095 2088 2086 2086 2092 2100 2115 2133 2152 2173 2193 2207 2206 2179 2154 2139 2130 2132 2150 2174 2172 2139 2118 2099 2079 2059 2051 2046 2039 2028 2021 2008 1994 1982 1985 1984 1981 1966 1953 1964 1979 1981 1987    0    0    0    0    0
   0    0    0    0    0    0    0    0    0    0    0    0    0    0    0    0    0    0    0    0    0    0    0 2290 2272 2247 2227 2194 2172 2152 2137 2118 2105 2097 2091 2088 2088 2094 2103 2118 2137 2157 2179 2202 2220 2216 2195 2169 2155 2146 2143 2158 2184 2178 2149 2129 2109 2090 2072 2066 2061 2051 2036 2024 2013 2001 1994 1996 1998 1997 1982 1966 1973 1985 1991 1994    0    0    0    0    0
   0    0    0    0    0    0    0    0    0    0    0    0    0    0    0    0    0    0    0    0    0    0    0    0    0    0    0    0    0 2150 2138 2121 2105 2097 2092 2089 2091 2097 2106 2121 2140 2161 2182 2207 2230 2230 2207 2182 2166 2158 2156 2167 2190 2183 2160 2144 2124 2104 2087 2081 2076 2065 2047 2031 2021 2010 2004 2009 2013 2013 1993 1977 1984 1991 1997 1999    0    0    0    0    0
   0    0    0    0    0    0    0    0    0    0    0    0    0    0    0    0    0    0    0    0    0    0    0    0    0    0    0    0    0    0    0 2123 2109 2098 2094 2092 2094 2099 2109 2123 2142 2163 2184 2209 2237 2242 2225 2196 2175 2168 2165 2173 2191 2188 2173 2156 2137 2119 2104 2098 2090 2078 2058 2042 2030 2021 2016 2019 2022 2022 1996 1989 1995 2003 2004 2005    0    0    0    0    0
   0    0    0    0    0    0    0    0    0    0    0    0    0    0    0    0    0    0    0    0    0    0    0    0    0    0    0    0    0    0    0    0 2111 2100 2096 2094 2095 2100 2110 2123 2143 2165 2186 2209 2237 2250 2239 2208 2188 2178 2175 2178 2193 2198 2186 2169 2150 2134 2123 2120 2110 2089 2069 2053 2043 2031 2028 2029 2025 2018 2003 2003 2005 2008 2009 2010    0    0    0    0    0
   0    0    0    0    0    0    0    0    0    0    0    0    0    0    0    0    0    0    0    0    0    0    0    0    0    0    0    0    0    0    0    0    0 2104 2099    0    0    0    0    0    0    0    0    0    0    0 2251 2227 2202 2190 2184 2185 2199 2206 2200 2184 2165 2147 2139 2140 2128 2105 2081 2065 2056 2045 2042 2035 2025 2015 2011 2014 2013 2013 2014 2015    0    0    0    0    0
   0    0    0    0    0    0    0    0    0    0    0    0    0    0    0    0    0    0    0    0    0    0    0    0    0    0    0    0    0    0    0    0    0    0    0    0    0    0    0    0    0    0    0    0    0    0 2260 2245 2222 2208 2197 2194 2205 2215 2215 2201 2184 2167 2157 2156 2142 2117 2096 2079 2066 2057 2051 2036 2025 2019 2021 2021 2019 2021 2024 2027    0    0    0    0    0
   0    0    0    0    0    0    0    0    0    0    0    0    0    0    0    0    0    0    0    0    0    0    0    0    0    0    0    0    0    0    0    0    0    0    0    0    0    0    0    0    0    0    0    0    0    0    0 2256 2244 2236 2216 2204 2210 2223 2230 2221 2207 2193 2179 2172 2157 2134 2111 2092 2078 2061 2048 2036 2029 2027 2029 2027 2027 2031 2036 2040    0    0    0    0    0
   0    0    0    0    0    0    0    0    0    0    0    0    0    0    0    0    0    0    0    0    0    0    0    0    0    0    0    0    0    0    0    0    0    0    0    0    0    0    0    0    0    0    0    0    0    0    0    0 2255 2251 2231 2213 2214 2226 2238 2239 2227 2214 2202 2191 2174 2150 2122 2100 2083 2062 2048 2039 2035 2035 2035 2035 2038 2043 2046 2047    0    0    0    0    0
   0    0    0    0    0    0    0    0    0    0    0    0    0    0    0    0    0    0    0    0    0    0    0    0    0    0    0    0    0    0    0    0    0    0    0    0    0    0    0    0    0    0    0    0    0    0    0    0    0 2261 2242 2226 2222 2232 2247 2253 2244 2231 2217 2202 2185 2159 2130 2102 2084 2065 2051 2043 2042 2042 2041 2043 2047 2051 2053 2054    0    0    0    0    0
   0    0    0    0    0    0    0    0    0    0    0    0    0    0    0    0    0    0    0    0    0    0    0    0    0    0    0    0    0    0    0    0    0    0    0    0    0    0    0    0    0    0    0    0    0    0    0    0    0 2263 2249 2235 2228 2237 2255 2265 2256 2244 2227 2207 2187 2162 2132 2100 2083 2065 2054 2049 2048 2048 2048 2050 2054 2059 2061 2062    0    0    0    0    0
   0    0    0    0    0    0    0    0    0    0    0    0    0    0    0    0    0    0    0    0    0    0    0    0    0    0    0    0    0    0    0    0    0    0    0    0    0    0    0    0    0    0    0    0    0    0    0    0    0    0 2252 2237 2231 2237 2253 2273 2266 2251 2229 2207 2187 2160 2131 2100 2084 2068 2062 2056 2055 2054 2052 2056 2061 2066 2070 2071    0    0    0    0    0
   0    0    0    0    0    0    0    0    0    0    0    0    0    0    0    0    0    0    0    0    0    0    0    0    0    0    0    0    0    0    0    0    0    0    0    0    0    0    0    0    0    0    0    0    0    0    0    0    0    0    0    0    0    0    0    0 2271 2253 2231 2209 2187 2158 2129 2102 2087 2078 2073 2066 2064 2061 2058 2061 2066 2072 2078 2079    0    0    0    0    0
   0    0    0    0    0    0    0    0    0    0    0    0    0    0    0    0    0    0    0    0    0    0    0    0    0    0    0    0    0    0    0    0    0    0    0    0    0    0    0    0    0    0    0    0    0    0    0    0    0    0    0    0    0    0    0    0 2277 2258 2235 2212 2186 2157 2131 2108 2094 2086 2077 2071 2066 2062 2061 2064 2069 2075 2081    0    0    0    0    0    0
   0    0    0    0    0    0    0    0    0    0    0    0    0    0    0    0    0    0    0    0    0    0    0    0    0    0    0    0    0    0    0    0    0    0    0    0    0    0    0    0    0    0    0    0    0    0    0    0    0    0    0    0    0    0    0    0    0 2268 2244 2217 2190 2164 2138 2110    0    0    0    0    0    0    0    0    0    0 2085    0    0    0    0    0    0
   0    0    0    0    0    0    0    0    0    0    0    0    0    0    0    0    0    0    0    0    0    0    0    0    0    0    0    0    0    0    0    0    0    0    0    0    0    0    0    0    0    0    0    0    0    0    0    0    0    0    0    0    0    0    0    0    0    0 2253 2225 2197 2170    0    0    0    0    0    0    0    0    0    0    0    0    0    0    0    0    0    0    0
   0    0    0    0    0    0    0    0    0    0    0    0    0    0    0    0    0    0    0    0    0    0    0    0    0    0    0    0    0    0    0    0    0    0    0    0    0    0    0    0    0    0    0    0    0    0    0    0    0    0    0    0    0    0    0    0    0    0 2259 2235 2204    0    0    0    0    0    0    0    0    0    0    0    0    0    0    0    0    0    0    0    0
