   0    0    0    0    0    0    0    0    0    0    0    0    0    0    0    0    0    0    0    0    0    0    0    0    0    0    0    0    0    0    0    0    0    0    0    0    0    0    0    0    0    0    0    0    0    0    0    0    0    0    0    0    0    0    0    0    0    0    0    0    0    0    0 2005 2005    0    0    0    0    0    0    0    0    0    0    0    0    0    0    0    0
   0    0    0    0    0    0    0    0    0    0    0    0    0    0    0    0    0    0    0    0    0    0    0    0    0    0    0    0    0    0    0    0    0    0    0    0    0    0    0    0    0    0    0    0    0    0    0    0    0    0    0    0    0    0    0    0    0    0    0    0    0    0 2015 2005 2015    0    0    0    0    0    0    0    0    0    0    0    0    0    0    0    0
   0    0    0    0    0    0    0    0    0    0    0    0    0    0    0    0    0    0    0    0    0    0    0    0    0    0    0    0    0    0    0    0    0    0    0    0    0    0    0    0    0    0    0    0    0    0    0    0    0    0    0    0    0    0    0    0    0    0    0    0    0    0 2035 2025 2005    0    0    0    0    0    0    0    0    0    0    0    0    0    0    0    0
   0    0    0    0    0    0    0    0    0    0    0    0    0    0    0    0    0    0    0    0    0    0    0    0    0    0    0    0    0    0    0    0    0    0    0    0    0    0    0    0    0    0    0    0    0    0    0    0    0    0    0    0    0    0    0    0    0    0    0    0    0 2045 2035 2015 2005    0    0    0    0    0    0    0    0    0    0    0    0    0    0    0    0
   0    0    0    0    0    0    0    0    0    0    0    0    0    0    0    0    0    0    0    0    0    0    0    0    0    0    0    0    0    0    0    0    0    0    0    0    0    0    0    0    0    0    0    0    0    0    0    0    0    0    0    0    0    0    0    0    0    0    0    0    0 2035 2025 2005 2005 2005    0    0    0    0    0    0    0    0    0    0    0    0    0    0    0
   0    0    0    0    0    0    0    0    0    0    0    0    0    0    0    0    0    0    0    0    0    0    0    0    0    0    0    0    0    0    0    0    0    0    0    0    0    0    0    0    0    0    0    0    0    0    0    0    0    0    0    0    0    0    0    0    0    0    0    0    0 2035 2015 2005 2005 2005 1995    0    0    0    0    0    0    0    0    0    0    0    0    0    0
   0    0    0    0    0    0    0    0    0    0    0    0    0    0    0    0    0    0    0    0    0    0    0    0    0    0    0    0    0    0    0    0    0    0    0    0    0    0    0    0    0    0    0    0    0    0    0    0    0    0    0    0    0    0    0    0    0    0    0    0 2025 2025 2015 2005 2005 1995 1995 1995    0    0    0    0    0    0    0    0    0    0    0    0    0
   0    0    0    0    0    0    0    0    0    0    0    0    0    0    0    0    0    0    0    0    0    0    0    0    0    0    0    0    0    0    0    0    0    0    0    0    0    0    0    0    0    0    0    0    0    0    0    0    0    0    0    0    0    0    0    0    0    0    0    0 2045 2035 2025 2015 1995 1995 1995 1995 2005 2005 2005    0    0    0    0    0    0    0    0    0    0
   0    0    0    0    0    0    0    0    0    0    0    0    0    0    0    0    0    0    0    0    0    0    0    0    0    0    0    0    0    0    0    0    0    0    0    0    0    0    0    0    0    0    0    0    0    0    0    0 2075 2075    0    0    0    0    0    0    0    0 2035 2035 2035 2025 2025 2015 1995 1995 1995 1995 2005 2005 2005 2005 2005 2005 2005    0    0    0    0    0    0
   0    0    0    0    0    0    0    0    0    0    0    0    0    0    0    0    0    0    0    0    0    0    0    0    0    0    0    0    0    0    0    0    0    0    0    0    0    0    0    0    0    0    0    0    0    0    0 2075 2065 2065 2065 2065 2055    0    0    0 2035 2035 2035 2035 2025 2025 2015 2005 1995 1985 1995 1995 2005 2005 2005 2005 2005 2005 2005 2005    0    0    0    0    0
   0    0    0    0    0    0    0    0    0    0    0    0    0    0    0    0    0    0    0    0    0    0    0    0    0    0    0    0    0    0    0    0    0    0    0    0    0    0    0    0    0    0    0    0    0    0 2075 2065 2065 2065 2055 2055 2045 2045 2045 2045 2035 2035 2025 2025 2025 2025 2015 2005 1995 1985 1985 1995 1995 2005 2005 2005 2005 1995 1995 2005    0    0    0    0    0
   0    0    0    0    0    0    0    0    0    0    0    0    0    0    0    0    0    0    0    0    0    0    0    0    0    0    0    0    0    0    0    0    0    0    0    0    0    0    0    0    0    0    0    0    0    0 2075 2065 2055 2055 2045 2035 2035 2045 2045 2045 2035 2035 2025 2025 2015 2015 2015 2005 1995 1985 1985 1985 1995 1995 2005 2005 1995 1995 1995 1995 1995    0    0    0    0
   0    0    0    0    0    0    0    0    0    0    0    0    0    0    0    0    0    0    0    0    0    0    0    0    0    0    0    0    0    0    0    0    0    0    0    0    0    0    0    0    0    0    0    0 2095 2085 2075 2065 2055 2045 2035 2025 2025 2035 2035 2035 2035 2025 2025 2015 2015 2015 2005 2005 1995 1985 1985 1985 1985 1995 1995 1995 1995 1985 1985 1995 1995 2005    0    0    0
   0    0    0    0    0    0    0    0    0    0    0    0    0    0    0    0    0    0    0    0    0    0    0    0    0    0    0    0    0    0    0    0    0    0    0    0    0    0    0    0    0 2115 2115 2105 2095 2075 2065 2055 2045 2035 2035 2025 2015 2025 2025 2035 2025 2025 2015 2015 2015 2005 2005 1995 1995 1985 1985 1985 1985 1985 1985 1985 1985 1985 1985 1995 1995 2005 2015    0    0
   0    0    0    0    0    0    0    0    0    0    0    0    0    0    0    0    0    0    0    0    0    0    0    0    0    0    0    0    0    0    0    0    0    0    0    0    0    0    0    0 2125 2115 2105 2095 2085 2075 2065 2055 2045 2035 2035 2025 2015 2015 2015 2015 2025 2015 2015 2015 2005 2005 2005 1995 1995 1985 1985 1975 1975 1975 1985 1985 1985 1975 1975 1985 1995 2005 2005 2015    0
   0    0    0    0    0    0    0    0    0    0    0    0    0    0    0    0    0    0    0    0    0    0    0    0    0    0    0    0    0    0    0    0    0    0    0    0    0    0    0 2095 2115 2115 2105 2095 2085 2075 2065 2055 2045 2035 2035 2025 2015 2005 2005 2005 2015 2015 2005 2005 2005 1995 1995 1995 1995 1985 1985 1975 1975 1975 1975 1975 1975 1975 1975 1975 1995 2005 2005 2015    0
   0    0    0    0    0    0    0    0    0    0    0    0    0    0    0    0    0    0    0    0    0    0    0    0    0    0    0    0    0    0    0    0    0    0    0    0    0    0    0 2075 2115 2115 2105 2095 2085 2075 2065 2055 2045 2035 2035 2025 2015 2005 1985 1985 2005 2005 2005 1995 1995 1995 1995 1985 1985 1985 1985 1975 1975 1975 1975 1975 1965 1965 1965 1975 1985 2005 2005 2005    0
   0    0    0    0    0    0    0    0    0    0    0    0    0    0    0    0    0    0    0    0    0    0    0    0    0    0    0    0    0    0    0    0    0    0    0    0    0    0    0 2095 2115 2115 2105 2095 2075 2065 2055 2045 2035 2035 2025 2025 2015 2005 1985 1975 1995 1995 1995 1995 1985 1985 1985 1985 1985 1985 1985 1975 1965 1975 1975 1975 1965 1955 1955 1965 1975 1995 1995 2005    0
   0    0    0    0    0    0    0    0    0    0    0    0    0    0    0    0    0    0    0    0    0    0    0    0    0    0    0    0    0    0    0    0    0    0 2135 2125 2125 2125 2125 2115 2105 2095 2085 2075 2065 2055 2045 2035 2025 2015 2015 2005 2005 1995 1975 1965 1985 1985 1985 1985 1985 1985 1985 1985 1985 1985 1975 1975 1965 1965 1965 1965 1965 1955 1955 1955 1965 1975 1995 1995 1995
   0    0    0    0    0    0    0    0    0    0    0    0    0    0    0    0    0    0    0    0    0    0    0    0    0    0    0    0    0    0    0    0 2145 2135 2105 2095 2095 2095 2095 2095 2085 2075 2065 2055 2045 2035 2035 2025 2025 2005 1995 1985 1985 1975 1955 1955 1965 1975 1975 1975 1975 1975 1975 1985 1985 1985 1975 1965 1955 1955 1965 1955 1955 1945 1945 1945 1955 1965 1985 1995 1995
   0    0    0    0    0    0    0    0    0    0    0    0    0    0    0    0    0    0    0    0    0    0    0    0    0    0    0    0    0 2165 2155 2145 2125 2105 2075 2075 2075 2075 2075 2075 2065 2055 2045 2035 2025 2025 2015 2005 2005 1995 1985 1965 1955 1945 1945 1945 1955 1965 1965 1965 1965 1975 1975 1975 1975 1975 1965 1965 1955 1945 1945 1945 1945 1945 1945 1945 1945 1955 1975 1985 1985
   0    0    0    0    0    0    0    0    0    0    0    0    0    0    0    0    0    0    0    0    0    0    0    0    0    0 2165 2165 2155 2155 2135 2115 2095 2085 2055 2045 2045 2045 2045 2045 2045 2035 2025 2015 2005 2005 2005 1995 1995 1985 1985 1965 1945 1935 1935 1935 1945 1955 1955 1955 1965 1965 1975 1975 1975 1965 1965 1955 1945 1945 1935 1935 1935 1935 1935 1935 1935 1955 1965 1975 1985
   0    0    0    0    0    0    0    0    0    0    0    0    0    0    0    0    0    0    0    0    0    0    0    0 2195 2185 2165 2145 2125 2125 2105 2085 2075 2075 2055 2035 2035 2035 2035 2035 2025 2015 2005 1995 1985 1985 1985 1975 1975 1975 1975 1965 1945 1935 1925 1935 1935 1945 1945 1955 1965 1965 1975 1975 1965 1965 1955 1955 1945 1935 1935 1935 1945 1945 1945 1945 1935 1945 1955 1975 1975
   0    0    0    0    0    0    0    0    0    0    0    0    0    0    0    0    0    0    0    0    0    0 2225 2205 2185 2165 2145 2125 2105 2095 2085 2065 2065 2055 2045 2035 2035 2035 2025 2015 2005 1995 1985 1975 1975 1975 1965 1965 1965 1955 1955 1955 1945 1925 1915 1925 1925 1935 1935 1955 1955 1965 1965 1965 1965 1955 1955 1955 1945 1935 1935 1935 1945 1945 1955 1955 1945 1945 1955 1975 1985
   0    0    0    0    0    0    0    0    0    0    0    0    0    0    0    0    0    0    0    0 2255 2235 2215 2205 2165 2145 2125 2105 2085 2065 2055 2055 2045 2045 2035 2025 2025 2015 2015 2005 1995 1985 1975 1965 1955 1955 1945 1945 1945 1945 1945 1945 1935 1925 1915 1915 1915 1925 1935 1945 1955 1965 1965 1965 1955 1955 1955 1945 1945 1935 1925 1935 1935 1945 1955 1955 1955 1955 1965 1985    0
   0    0    0    0    0    0    0    0    0    0    0    0    0    0    0    0    0    0 2265 2255 2245 2225 2215 2195 2155 2135 2115 2095 2065 2055 2045 2035 2035 2025 2025 2015 2015 2005 1995 1985 1975 1965 1955 1945 1945 1935 1935 1935 1935 1935 1945 1945 1935 1925 1915 1905 1905 1915 1925 1945 1945 1955 1955 1955 1955 1945 1945 1945 1945 1935 1925 1925 1935 1945 1955 1965 1965 1965 1965    0    0
   0    0    0    0    0    0    0    0    0    0    0    0    0    0    0    0    0 2255 2245 2245 2235 2225 2185 2185 2145 2125 2105 2075 2055 2045 2035 2025 2025 2015 2015 2005 2005 1995 1985 1985 1975 1955 1945 1935 1935 1925 1925 1925 1925 1925 1935 1935 1935 1925 1915 1905 1905 1905 1915 1935 1945 1955 1955 1955 1945 1945 1945 1945 1945 1935 1925 1925 1935 1945 1955 1965    0    0    0    0    0
   0    0    0    0    0    0    0    0    0    0    0    0    0    0    0    0 2265 2245 2245 2235 2225 2215 2185 2165 2135 2115 2095 2075 2055 2045 2025 2015 2015 2005 2005 1995 1995 1985 1985 1975 1965 1945 1935 1925 1925 1915 1915 1915 1925 1925 1925 1925 1925 1915 1915 1905 1895 1905 1915 1925 1935 1945 1945 1945 1945 1935 1935 1945 1945 1935 1935 1935 1925 1935 1955 1965    0    0    0    0    0
   0    0    0    0    0    0    0    0    0    0    0 2355 2325 2305 2285 2265 2255 2235 2235 2225 2225 2215 2185 2155 2125 2105 2085 2075 2055 2045 2025 2015 2005 1995 1995 1995 1985 1985 1975 1965 1955 1945 1935 1925 1915 1915 1915 1905 1915 1915 1915 1925 1925 1915 1905 1895 1895 1895 1915 1925 1925 1935 1935 1935 1935 1935 1935 1935 1935 1935 1935 1935 1925 1935 1945 1955    0    0    0    0    0
   0    0    0    0    0    0    0    0    0    0 2395 2345 2315 2295 2275 2265 2255 2235 2225 2225 2215 2205 2185 2135 2115 2095 2075 2065 2045 2035 2025 2015 2005 1995 1985 1985 1975 1975 1965 1955 1945 1935 1925 1925 1925 1915 1905 1905 1905 1905 1915 1915 1915 1905 1905 1895 1885 1895 1905 1915 1915 1925 1925 1925 1925 1925 1925 1925 1935 1935 1935 1935 1925 1925 1935 1945    0    0    0    0    0
   0    0    0    0    0    0    0    0    0 2425 2395 2345 2315 2295 2275 2265 2255 2235 2225 2225 2215 2205 2185 2135 2115 2095 2075 2065 2045 2035 2025 2015 2005 1995 1985 1975 1975 1965 1955 1945 1935 1935 1935 1935 1935 1925 1915 1905 1905 1905 1905 1905 1915 1905 1895 1885 1885 1895 1905 1905 1905 1915 1915 1925 1925 1915 1925 1925 1935 1935 1935 1935 1915 1915 1925 1935    0    0    0    0    0
   0    0    0    0    0    0    0    0 2435 2425 2395 2345 2315 2295 2275 2265 2255 2235 2225 2225 2215 2205 2185 2135 2115 2095 2075 2065 2045 2035 2025 2015 2005 1995 1985 1975 1975 1965 1955 1945 1945 1945 1955 1955 1955 1935 1925 1905 1895 1895 1895 1895 1905 1895 1895 1885 1875 1885 1895 1895 1895 1905 1915 1915 1915 1915 1915 1925 1935 1935 1935 1935 1915 1915 1925 1925    0    0    0    0    0
   0    0    0    0    0    0    0    0 2435 2425 2385 2345 2315 2295 2275 2265 2255 2235 2225 2225 2215 2205 2185 2135 2115 2095 2085 2075 2065 2045 2025 2015 2005 1995 1985 1985 1975 1975 1965 1955 1945 1945 1955 1955 1955 1935 1925 1915 1905 1895 1895 1885 1885 1895 1885 1885 1875 1875 1875 1885 1885 1895 1905 1905 1905 1905 1915 1925 1925 1925 1925 1925 1915 1915 1915 1925    0    0    0    0    0
   0    0    0    0    0    0 2445 2435 2425 2425 2385 2345 2315 2295 2275 2265 2255 2235 2225 2225 2215 2205 2185 2135 2115 2095 2095 2085 2075 2055 2035 2025 2015 2005 1995 1995 1985 1975 1975 1955 1945 1945 1955 1955 1955 1935 1925 1915 1905 1905 1895 1885 1875 1875 1875 1875 1875 1875 1865 1865 1875 1885 1895 1895 1895 1895 1905 1915 1925 1925 1915 1915 1905 1905 1915 1915    0    0    0    0    0
   0    0    0    0    0 2455 2435 2425 2415 2405 2375 2335 2315 2295 2275 2265 2255 2235 2225 2225 2215 2205 2185 2135 2115 2095 2095 2085 2075 2055 2045 2035 2025 2015 2005 1995 1985 1985 1975 1965 1955 1955 1965 1965 1955 1935 1925 1915 1915 1915 1895 1885 1875 1875 1875 1865 1875 1875 1865 1865 1865 1875 1875 1875 1885 1885 1895 1905 1915 1915 1915 1915 1905 1895 1905 1915    0    0    0    0    0
   0    0    0    0    0 2445 2425 2415 2415 2385 2355 2325 2305 2285 2265 2265 2255 2225 2225 2225 2215 2205 2185 2155 2135 2115 2105 2085 2075 2055 2045 2035 2025 2015 2005 1995 1985 1985 1975 1965 1955 1965 1965 1965 1955 1935 1925 1925 1915 1915 1895 1885 1875 1875 1875 1865 1865 1865 1855 1855 1855 1865 1865 1865 1875 1885 1885 1895 1895 1905 1905 1905 1895 1885 1905 1905    0    0    0    0    0
   0    0    0    0    0 2435 2425 2415 2395 2365 2335 2305 2285 2265 2255 2245 2235 2225 2225 2225 2215 2205 2185 2155 2135 2135 2115 2095 2085 2065 2055 2045 2025 2015 2005 1995 1995 1985 1975 1965 1975 1975 1975 1975 1965 1945 1935 1935 1935 1925 1915 1895 1885 1875 1875 1865 1865 1865 1855 1855 1855 1855 1855 1855 1865 1875 1875 1885 1885 1885 1885 1875 1875 1885 1895 1905    0    0    0    0    0
   0    0    0    0    0 2435 2415 2405 2385 2355 2325 2295 2275 2255 2245 2235 2225 2225 2215 2215 2205 2195 2195 2175 2155 2145 2125 2105 2095 2075 2065 2045 2025 2015 2015 2005 1995 1985 1975 1975 1985 1985 1985 1975 1965 1955 1935 1935 1945 1935 1925 1895 1885 1885 1875 1875 1865 1865 1865 1855 1855 1855 1855 1855 1865 1865 1865 1865 1875 1875 1865 1855 1865 1875 1895 1895 1905    0    0    0    0
   0    0    0    0    0 2425 2415 2395 2365 2335 2305 2285 2265 2245 2245 2235 2225 2225 2225 2225 2215 2205 2195 2185 2165 2155 2125 2115 2095 2075 2065 2045 2035 2025 2015 2005 1995 1985 1975 1995 1995 1995 1995 1985 1975 1955 1945 1945 1955 1945 1925 1905 1895 1885 1885 1875 1875 1875 1865 1855 1855 1855 1855 1855 1855 1855 1855 1855 1855 1855 1855 1855 1855 1865 1885 1895 1895    0    0    0    0
   0    0    0    0 2455 2425 2415 2385 2355 2325 2295 2285 2275 2255 2255 2245 2235 2235 2235 2235 2215 2205 2195 2185 2175 2165 2135 2115 2095 2075 2065 2045 2035 2025 2025 2005 1995 1985 1985 2005 2005 2005 1995 1995 1985 1965 1955 1955 1965 1955 1945 1915 1905 1895 1895 1885 1885 1885 1875 1875 1875 1855 1855 1855 1855 1845 1845 1845 1845 1845 1845 1845 1845 1855 1865 1885 1895 1895    0    0    0
   0    0    0    0 2445 2415 2405 2365 2345 2315 2285 2275 2275 2265 2265 2255 2255 2255 2245 2235 2215 2205 2195 2185 2175 2165 2135 2115 2095 2085 2075 2055 2035 2025 2025 2005 1995 1985 1995 2005 2025 2015 2005 2005 1995 1975 1965 1965 1975 1975 1965 1925 1915 1905 1905 1905 1905 1895 1895 1895 1885 1865 1865 1865 1875 1875 1865 1855 1845 1845 1835 1835 1835 1845 1845 1855 1865 1875 1875    0    0
   0    0    0 2465 2435 2415 2385 2355 2325 2305 2285 2285 2285 2285 2285 2285 2285 2275 2255 2235 2215 2205 2195 2185 2175 2165 2135 2115 2105 2085 2075 2055 2045 2025 2025 2005 1995 1995 2005 2005 2025 2025 2015 2005 1995 1995 1975 1975 1985 1975 1975 1955 1945 1935 1925 1925 1915 1915 1905 1905 1885 1875 1865 1875 1885 1885 1885 1885 1865 1835 1835 1825 1825 1825 1835 1835 1845 1845 1845    0    0
   0    0    0 2455 2425 2395 2375 2345 2325 2305 2305 2305 2305 2295 2295 2295 2295 2285 2255 2235 2215 2205 2195 2185 2175 2165 2135 2125 2105 2095 2085 2065 2045 2035 2025 2015 2005 1995 2005 2005 2025 2025 2015 2005 1995 1995 1985 1985 1995 1995 1985 1975 1965 1955 1945 1945 1935 1925 1915 1905 1885 1875 1875 1885 1895 1895 1895 1895 1885 1855 1835 1835 1825 1825 1825 1825 1825 1825 1825 1815    0
   0    0 2465 2435 2395 2385 2375 2345 2325 2315 2315 2315 2315 2315 2315 2315 2305 2285 2255 2235 2215 2205 2195 2185 2175 2165 2135 2125 2105 2095 2085 2065 2045 2035 2035 2025 2025 2005 2005 2005 2025 2025 2025 2015 1995 1995 1985 1995 1995 2005 2005 1995 1985 1985 1975 1965 1945 1935 1915 1905 1895 1885 1885 1895 1905 1905 1905 1895 1885 1855 1845 1835 1825 1825 1825 1815 1815 1815 1815 1815    0
   0 2465 2455 2405 2395 2385 2375 2365 2345 2325 2325 2325 2325 2325 2325 2325 2315 2295 2275 2235 2215 2205 2195 2185 2175 2165 2145 2125 2105 2095 2085 2065 2055 2045 2035 2025 2025 2015 2005 2005 2025 2025 2025 2025 2005 1995 1985 1995 2005 2015 2015 2015 2015 2005 1995 1985 1955 1935 1915 1905 1895 1885 1895 1895 1905 1905 1905 1895 1885 1865 1845 1835 1835 1825 1825 1825 1815 1815 1815 1815    0
   0 2455 2425 2405 2395 2385 2375 2365 2345 2345 2345 2345 2345 2345 2345 2335 2325 2315 2295 2255 2225 2215 2205 2195 2185 2175 2145 2125 2105 2095 2085 2065 2055 2045 2035 2025 2025 2015 2015 2005 2025 2025 2035 2035 2025 2005 1995 1995 2005 2025 2025 2035 2045 2035 2015 1995 1975 1945 1925 1905 1905 1895 1895 1905 1905 1915 1905 1895 1885 1855 1845 1835 1835 1825 1825 1825 1825 1825    0    0    0
2465 2455 2425 2405 2395 2385 2385 2375 2355 2345 2345 2345 2345 2345 2345 2345 2335 2325 2305 2285 2245 2235 2215 2205 2195 2185 2155 2135 2105 2095 2085 2065 2055 2045 2035 2025 2025 2015 2015 2015 2025 2025 2035 2045 2035 2025 2005 1995 2015 2025 2045 2055 2055 2045 2025 2005 1975 1945 1925 1915 1905 1905 1905 1905 1905 1915 1905 1895 1885 1865 1855 1845 1835 1835 1835 1835 1835 1825    0    0    0
   0 2465 2445 2415 2415 2405 2395 2395 2395 2375 2365 2365 2365 2365 2365 2365 2365 2355 2345 2315 2255 2245 2225 2215 2195 2185 2155 2135 2115 2095 2085 2065 2055 2045 2035 2025 2025 2015 2015 2015 2025 2025 2045 2045 2045 2035 2005 1995 2015 2025 2055 2065 2075 2055 2045 2015 1985 1955 1935 1915 1915 1905 1905 1915 1915 1905 1895 1895 1885 1865 1855 1845 1835 1845 1845 1845 1835    0    0    0    0
   0    0 2465 2445 2435 2435 2435 2435 2425 2405 2395 2395 2395 2395 2385 2385 2385 2375 2355 2325 2265 2255 2235 2225 2195 2185 2165 2135 2115 2095 2085 2065 2055 2045 2035 2025 2025 2015 2015 2015 2025 2035 2045 2055 2055 2045 2015 2005 2015 2025 2055 2075 2095 2075 2055 2025 1995 1965 1935 1925 1915 1915 1915 1915 1915 1905 1895 1885 1875 1865 1855 1845 1845 1855 1855 1855    0    0    0    0    0
   0    0    0 2465 2465 2465 2465 2465 2445 2425 2425 2425 2415 2415 2405 2405 2405 2385 2355 2335 2275 2265 2245 2225 2205 2195 2165 2145 2115 2105 2085 2065 2055 2045 2035 2025 2025 2015 2015 2025 2035 2045 2055 2065 2065 2055 2035 2005 2015 2015 2055 2085 2095 2085 2065 2035 2005 1975 1945 1935 1925 1925 1925 1925 1915 1905 1895 1885 1875 1865 1855 1855 1855 1855 1865 1875    0    0    0    0    0
   0    0    0    0    0    0    0    0 2465 2455 2445 2435 2425    0    0 2425 2415 2385 2355 2335 2285 2275 2245 2235 2215 2195 2175 2145 2115 2105 2085 2065 2055 2045 2035 2035 2025 2025 2025 2035 2045 2055 2065 2085 2075 2075 2045 2025 2015 2015 2055 2085 2105 2095 2075 2045 2005 1980 1955 1945 1935 1935 1935 1935 1915 1905 1895 1885 1875 1875 1865 1855 1855 1865 1875 1885    0    0    0    0    0
   0    0    0    0    0    0    0    0    0    0    0    0    0    0    0    0 2415 2385 2355 2345 2295 2285 2255 2245 2215 2205 2175 2155 2125 2105 2085 2065 2055 2045 2035 2035 2025 2025 2035 2045 2065 2085 2085 2105 2105 2095 2065 2035 2025 2025 2055 2085 2105 2105 2075 2045 2015 1995 1965 1955 1945 1945 1945 1945 1925 1915 1905 1895 1885 1875 1875 1865 1865 1875 1885 1885    0    0    0    0    0
   0    0    0    0    0    0    0    0    0    0    0    0    0    0    0    0    0 2395 2355 2345 2305 2285 2265 2255 2235 2205 2175 2155 2125 2105 2085 2065 2055 2045 2035 2035 2035 2035 2045 2055 2075 2095 2105 2125 2125 2105 2075 2055 2045 2035 2055 2085 2105 2105 2075 2045 2025 1995 1975 1965 1955 1955 1955 1955 1935 1915 1905 1895 1885 1885 1875 1875 1875 1885 1885 1895    0    0    0    0    0
   0    0    0    0    0    0    0    0    0    0    0    0    0    0    0    0    0    0 2365 2335 2315 2295 2265 2265 2235 2205 2175 2155 2125 2105 2085 2065 2055 2045 2035 2035 2035 2035 2045 2055 2075 2095 2115 2135 2135 2115 2085 2065 2055 2045 2055 2085 2105 2105 2085 2045 2025 2005 1985 1975 1965 1965 1965 1955 1945 1925 1915 1905 1895 1895 1885 1885 1885 1895 1895 1905    0    0    0    0    0
   0    0    0    0    0    0    0    0    0    0    0    0    0    0    0    0    0    0 2365 2345 2315 2295 2265 2265 2245 2215 2175 2155 2125 2105 2085 2065 2055 2045 2035 2035 2035 2035 2045 2055 2075 2095 2115 2135 2135 2125 2095 2075 2065 2055 2065 2085 2115 2115 2085 2055 2035 2015 1995 1985 1975 1965 1965 1965 1945 1935 1915 1915 1915 1905 1895 1885 1895 1905 1905 1905    0    0    0    0    0
   0    0    0    0    0    0    0    0    0    0    0    0    0    0    0    0    0    0    0    0    0 2295 2265 2265 2245 2225 2175 2155 2125 2105 2085 2065 2055 2045 2045 2035 2035 2045 2045 2065 2085 2095 2115 2135 2145 2145 2115 2095 2075 2065 2075 2095 2115 2115 2085 2065 2045 2025 2005 1995 1985 1985 1975 1965 1955 1935 1925 1925 1925 1915 1905 1895 1905 1915 1915 1925    0    0    0    0    0
   0    0    0    0    0    0    0    0    0    0    0    0    0    0    0    0    0    0    0    0    0    0 2275 2265 2245 2225 2185 2155 2125 2105 2095 2075 2055 2045 2045 2035 2035 2045 2055 2065 2085 2105 2125 2145 2155 2155 2135 2105 2095 2085 2085 2105 2125 2125 2095 2075 2055 2035 2015 2005 1995 1995 1985 1975 1965 1945 1935 1935 1935 1935 1915 1905 1915 1935 1935 1935    0    0    0    0    0
   0    0    0    0    0    0    0    0    0    0    0    0    0    0    0    0    0    0    0    0    0    0    0 2265 2245 2225 2185 2155 2125 2105 2095 2075 2065 2055 2045 2045 2045 2045 2055 2065 2085 2105 2135 2155 2175 2165 2145 2125 2105 2095 2095 2105 2135 2125 2105 2085 2065 2045 2025 2015 2015 2005 1985 1975 1965 1955 1945 1945 1955 1945 1935 1915 1925 1935 1945 1945    0    0    0    0    0
   0    0    0    0    0    0    0    0    0    0    0    0    0    0    0    0    0    0    0    0    0    0    0    0    0    0    0    0    0 2105 2095 2075 2065 2055 2045 2045 2045 2045 2055 2075 2095 2115 2135 2165 2185 2185 2155 2135 2125 2115 2115 2115 2145 2135 2115 2095 2075 2055 2035 2035 2025 2015 1995 1985 1975 1965 1955 1965 1965 1965 1945 1935 1935 1945 1945 1955    0    0    0    0    0
   0    0    0    0    0    0    0    0    0    0    0    0    0    0    0    0    0    0    0    0    0    0    0    0    0    0    0    0    0    0    0 2075 2065 2055 2045 2045 2045 2055 2065 2075 2095 2115 2135 2165 2185 2195 2175 2145 2125 2125 2115 2125 2145 2135 2125 2105 2085 2075 2055 2055 2045 2035 2015 1995 1985 1975 1965 1975 1975 1975 1945 1945 1945 1955 1955 1955    0    0    0    0    0
   0    0    0    0    0    0    0    0    0    0    0    0    0    0    0    0    0    0    0    0    0    0    0    0    0    0    0    0    0    0    0    0 2065 2055 2045 2045 2045 2055 2065 2075 2095 2115 2135 2165 2185 2205 2195 2165 2145 2135 2125 2135 2145 2145 2135 2125 2105 2085 2075 2075 2065 2045 2025 2005 1995 1985 1985 1985 1975 1975 1955 1955 1955 1965 1965 1965    0    0    0    0    0
   0    0    0    0    0    0    0    0    0    0    0    0    0    0    0    0    0    0    0    0    0    0    0    0    0    0    0    0    0    0    0    0    0 2055 2055    0    0    0    0    0    0    0    0    0    0    0 2205 2185 2155 2145 2135 2135 2155 2155 2155 2135 2115 2095 2095 2095 2085 2055 2035 2015 2005 1995 1995 1985 1975 1965 1965 1965 1965 1965 1965 1965    0    0    0    0    0
   0    0    0    0    0    0    0    0    0    0    0    0    0    0    0    0    0    0    0    0    0    0    0    0    0    0    0    0    0    0    0    0    0    0    0    0    0    0    0    0    0    0    0    0    0    0 2215 2195 2175 2165 2145 2145 2155 2165 2165 2155 2135 2115 2115 2105 2095 2065 2045 2035 2015 2005 2005 1985 1975 1975 1975 1975 1975 1975 1975 1975    0    0    0    0    0
   0    0    0    0    0    0    0    0    0    0    0    0    0    0    0    0    0    0    0    0    0    0    0    0    0    0    0    0    0    0    0    0    0    0    0    0    0    0    0    0    0    0    0    0    0    0    0 2215 2195 2185 2165 2155 2165 2175 2185 2175 2155 2145 2135 2125 2105 2085 2065 2045 2035 2015 2005 1985 1985 1975 1985 1985 1985 1985 1985 1995    0    0    0    0    0
   0    0    0    0    0    0    0    0    0    0    0    0    0    0    0    0    0    0    0    0    0    0    0    0    0    0    0    0    0    0    0    0    0    0    0    0    0    0    0    0    0    0    0    0    0    0    0    0 2205 2205 2185 2165 2165 2175 2195 2195 2185 2165 2155 2145 2125 2105 2075 2055 2035 2015 2005 1995 1985 1985 1985 1985 1995 1995 1995 1995    0    0    0    0    0
   0    0    0    0    0    0    0    0    0    0    0    0    0    0    0    0    0    0    0    0    0    0    0    0    0    0    0    0    0    0    0    0    0    0    0    0    0    0    0    0    0    0    0    0    0    0    0    0    0 2215 2195 2175 2175 2185 2195 2205 2195 2185 2175 2155 2135 2115 2085 2055 2035 2015 2005 1995 1995 1995 1995 1995 2005 2005 2005 2005    0    0    0    0    0
   0    0    0    0    0    0    0    0    0    0    0    0    0    0    0    0    0    0    0    0    0    0    0    0    0    0    0    0    0    0    0    0    0    0    0    0    0    0    0    0    0    0    0    0    0    0    0    0    0 2215 2205 2185 2185 2195 2205 2215 2205 2195 2175 2155 2135 2115 2085 2055 2035 2015 2005 2005 2005 2005 2005 2005 2005 2015 2015 2015    0    0    0    0    0
   0    0    0    0    0    0    0    0    0    0    0    0    0    0    0    0    0    0    0    0    0    0    0    0    0    0    0    0    0    0    0    0    0    0    0    0    0    0    0    0    0    0    0    0    0    0    0    0    0    0 2205 2195 2185 2195 2205 2225 2215 2205 2185 2155 2135 2115 2085 2055 2035 2025 2015 2005 2005 2005 2005 2005 2015 2015 2025 2025    0    0    0    0    0
   0    0    0    0    0    0    0    0    0    0    0    0    0    0    0    0    0    0    0    0    0    0    0    0    0    0    0    0    0    0    0    0    0    0    0    0    0    0    0    0    0    0    0    0    0    0    0    0    0    0    0    0    0    0    0    0 2225 2205 2185 2165 2135 2115 2085 2055 2045 2035 2025 2015 2015 2015 2015 2015 2015 2025 2035 2035    0    0    0    0    0
   0    0    0    0    0    0    0    0    0    0    0    0    0    0    0    0    0    0    0    0    0    0    0    0    0    0    0    0    0    0    0    0    0    0    0    0    0    0    0    0    0    0    0    0    0    0    0    0    0    0    0    0    0    0    0    0 2225 2205 2185 2165 2135 2115 2085 2065 2045 2035 2025 2025 2015 2015 2015 2015 2025 2025 2035    0    0    0    0    0    0
   0    0    0    0    0    0    0    0    0    0    0    0    0    0    0    0    0    0    0    0    0    0    0    0    0    0    0    0    0    0    0    0    0    0    0    0    0    0    0    0    0    0    0    0    0    0    0    0    0    0    0    0    0    0    0    0    0 2215 2195 2165 2145 2115 2095 2070    0    0    0    0    0    0    0    0    0    0 2035    0    0    0    0    0    0
   0    0    0    0    0    0    0    0    0    0    0    0    0    0    0    0    0    0    0    0    0    0    0    0    0    0    0    0    0    0    0    0    0    0    0    0    0    0    0    0    0    0    0    0    0    0    0    0    0    0    0    0    0    0    0    0    0    0 2205 2175 2145 2125    0    0    0    0    0    0    0    0    0    0    0    0    0    0    0    0    0    0    0
   0    0    0    0    0    0    0    0    0    0    0    0    0    0    0    0    0    0    0    0    0    0    0    0    0    0    0    0    0    0    0    0    0    0    0    0    0    0    0    0    0    0    0    0    0    0    0    0    0    0    0    0    0    0    0    0    0    0 2215 2185 2155    0    0    0    0    0    0    0    0    0    0    0    0    0    0    0    0    0    0    0    0
