   0.   0.   0.   0.   0.   0.   0.   0.   0.   0.   0.   0.   0.   0.   0.   0.   0.   0.   0.   0.   0.   0.   0.   0.   0.   0.   0.   0.   0.   0.   0.   0.   0.   0.   0.   0.   0.   0.   0.   0.   0.   0.   0.   0.   0.   0.   0.   0.   0.   0.   0.   0.   0.   0.   0.   0.   0.   0.   0.   0.   0.   0.   0. 0.14 0.14   0.   0.   0.   0.   0.   0.   0.   0.   0.   0.   0.   0.   0.   0.   0.   0. 
   0.   0.   0.   0.   0.   0.   0.   0.   0.   0.   0.   0.   0.   0.   0.   0.   0.   0.   0.   0.   0.   0.   0.   0.   0.   0.   0.   0.   0.   0.   0.   0.   0.   0.   0.   0.   0.   0.   0.   0.   0.   0.   0.   0.   0.   0.   0.   0.   0.   0.   0.   0.   0.   0.   0.   0.   0.   0.   0.   0.   0.   0. 0.14 0.14 0.14   0.   0.   0.   0.   0.   0.   0.   0.   0.   0.   0.   0.   0.   0.   0.   0. 
   0.   0.   0.   0.   0.   0.   0.   0.   0.   0.   0.   0.   0.   0.   0.   0.   0.   0.   0.   0.   0.   0.   0.   0.   0.   0.   0.   0.   0.   0.   0.   0.   0.   0.   0.   0.   0.   0.   0.   0.   0.   0.   0.   0.   0.   0.   0.   0.   0.   0.   0.   0.   0.   0.   0.   0.   0.   0.   0.   0.   0.   0. 0.14 0.14 0.20   0.   0.   0.   0.   0.   0.   0.   0.   0.   0.   0.   0.   0.   0.   0.   0. 
   0.   0.   0.   0.   0.   0.   0.   0.   0.   0.   0.   0.   0.   0.   0.   0.   0.   0.   0.   0.   0.   0.   0.   0.   0.   0.   0.   0.   0.   0.   0.   0.   0.   0.   0.   0.   0.   0.   0.   0.   0.   0.   0.   0.   0.   0.   0.   0.   0.   0.   0.   0.   0.   0.   0.   0.   0.   0.   0.   0.   0. 0.14 0.14 0.14 0.20   0.   0.   0.   0.   0.   0.   0.   0.   0.   0.   0.   0.   0.   0.   0.   0. 
   0.   0.   0.   0.   0.   0.   0.   0.   0.   0.   0.   0.   0.   0.   0.   0.   0.   0.   0.   0.   0.   0.   0.   0.   0.   0.   0.   0.   0.   0.   0.   0.   0.   0.   0.   0.   0.   0.   0.   0.   0.   0.   0.   0.   0.   0.   0.   0.   0.   0.   0.   0.   0.   0.   0.   0.   0.   0.   0.   0.   0. 0.14 0.14 0.14 0.20 0.14   0.   0.   0.   0.   0.   0.   0.   0.   0.   0.   0.   0.   0.   0.   0. 
   0.   0.   0.   0.   0.   0.   0.   0.   0.   0.   0.   0.   0.   0.   0.   0.   0.   0.   0.   0.   0.   0.   0.   0.   0.   0.   0.   0.   0.   0.   0.   0.   0.   0.   0.   0.   0.   0.   0.   0.   0.   0.   0.   0.   0.   0.   0.   0.   0.   0.   0.   0.   0.   0.   0.   0.   0.   0.   0.   0.   0. 0.14 0.14 0.14 0.20 0.20 0.14   0.   0.   0.   0.   0.   0.   0.   0.   0.   0.   0.   0.   0.   0. 
   0.   0.   0.   0.   0.   0.   0.   0.   0.   0.   0.   0.   0.   0.   0.   0.   0.   0.   0.   0.   0.   0.   0.   0.   0.   0.   0.   0.   0.   0.   0.   0.   0.   0.   0.   0.   0.   0.   0.   0.   0.   0.   0.   0.   0.   0.   0.   0.   0.   0.   0.   0.   0.   0.   0.   0.   0.   0.   0.   0. 0.14 0.14 0.14 0.14 0.20 0.20 0.20 0.14   0.   0.   0.   0.   0.   0.   0.   0.   0.   0.   0.   0.   0. 
   0.   0.   0.   0.   0.   0.   0.   0.   0.   0.   0.   0.   0.   0.   0.   0.   0.   0.   0.   0.   0.   0.   0.   0.   0.   0.   0.   0.   0.   0.   0.   0.   0.   0.   0.   0.   0.   0.   0.   0.   0.   0.   0.   0.   0.   0.   0.   0.   0.   0.   0.   0.   0.   0.   0.   0.   0.   0.   0.   0. 0.14 0.14 0.14 0.14 0.20 0.20 0.20 0.14 0.14 0.14 0.14   0.   0.   0.   0.   0.   0.   0.   0.   0.   0. 
   0.   0.   0.   0.   0.   0.   0.   0.   0.   0.   0.   0.   0.   0.   0.   0.   0.   0.   0.   0.   0.   0.   0.   0.   0.   0.   0.   0.   0.   0.   0.   0.   0.   0.   0.   0.   0.   0.   0.   0.   0.   0.   0.   0.   0.   0.   0.   0. 0.13 0.13   0.   0.   0.   0.   0.   0.   0.   0. 0.14 0.14 0.14 0.14 0.14 0.14 0.20 0.20 0.20 0.14 0.14 0.14 0.14 0.14 0.14 0.14 0.14   0.   0.   0.   0.   0.   0. 
   0.   0.   0.   0.   0.   0.   0.   0.   0.   0.   0.   0.   0.   0.   0.   0.   0.   0.   0.   0.   0.   0.   0.   0.   0.   0.   0.   0.   0.   0.   0.   0.   0.   0.   0.   0.   0.   0.   0.   0.   0.   0.   0.   0.   0.   0.   0. 0.13 0.13 0.13 0.13 0.13 0.13   0.   0.   0. 0.13 0.14 0.14 0.14 0.14 0.14 0.14 0.14 0.20 0.20 0.20 0.14 0.14 0.14 0.14 0.14 0.14 0.14 0.14 0.14   0.   0.   0.   0.   0. 
   0.   0.   0.   0.   0.   0.   0.   0.   0.   0.   0.   0.   0.   0.   0.   0.   0.   0.   0.   0.   0.   0.   0.   0.   0.   0.   0.   0.   0.   0.   0.   0.   0.   0.   0.   0.   0.   0.   0.   0.   0.   0.   0.   0.   0.   0. 0.13 0.13 0.13 0.13 0.13 0.13 0.13 0.13 0.13 0.13 0.13 0.14 0.14 0.14 0.14 0.14 0.14 0.14 0.20 0.20 0.20 0.14 0.14 0.14 0.14 0.14 0.14 0.14 0.14 0.14   0.   0.   0.   0.   0. 
   0.   0.   0.   0.   0.   0.   0.   0.   0.   0.   0.   0.   0.   0.   0.   0.   0.   0.   0.   0.   0.   0.   0.   0.   0.   0.   0.   0.   0.   0.   0.   0.   0.   0.   0.   0.   0.   0.   0.   0.   0.   0.   0.   0.   0.   0. 0.13 0.13 0.13 0.14 0.14 0.14 0.14 0.14 0.14 0.14 0.14 0.14 0.14 0.14 0.14 0.14 0.14 0.14 0.20 0.20 0.20 0.14 0.14 0.14 0.14 0.14 0.14 0.14 0.14 0.14 0.14   0.   0.   0.   0. 
   0.   0.   0.   0.   0.   0.   0.   0.   0.   0.   0.   0.   0.   0.   0.   0.   0.   0.   0.   0.   0.   0.   0.   0.   0.   0.   0.   0.   0.   0.   0.   0.   0.   0.   0.   0.   0.   0.   0.   0.   0.   0.   0.   0. 0.13 0.13 0.13 0.13 0.13 0.14 0.14 0.14 0.14 0.14 0.14 0.14 0.14 0.14 0.14 0.14 0.14 0.14 0.14 0.14 0.20 0.20 0.20 0.14 0.14 0.14 0.14 0.14 0.14 0.14 0.14 0.14 0.14 0.14   0.   0.   0. 
   0.   0.   0.   0.   0.   0.   0.   0.   0.   0.   0.   0.   0.   0.   0.   0.   0.   0.   0.   0.   0.   0.   0.   0.   0.   0.   0.   0.   0.   0.   0.   0.   0.   0.   0.   0.   0.   0.   0.   0.   0. 0.13 0.13 0.13 0.13 0.13 0.13 0.13 0.13 0.14 0.14 0.14 0.14 0.14 0.14 0.14 0.14 0.14 0.14 0.14 0.14 0.14 0.14 0.14 0.20 0.20 0.20 0.14 0.14 0.14 0.14 0.14 0.14 0.14 0.14 0.14 0.14 0.14 0.14   0.   0. 
   0.   0.   0.   0.   0.   0.   0.   0.   0.   0.   0.   0.   0.   0.   0.   0.   0.   0.   0.   0.   0.   0.   0.   0.   0.   0.   0.   0.   0.   0.   0.   0.   0.   0.   0.   0.   0.   0.   0.   0. 0.13 0.13 0.13 0.13 0.13 0.13 0.13 0.13 0.13 0.13 0.13 0.14 0.14 0.14 0.14 0.14 0.14 0.14 0.14 0.14 0.14 0.14 0.14 0.14 0.20 0.20 0.20 0.20 0.14 0.14 0.14 0.14 0.14 0.14 0.14 0.14 0.14 0.14 0.14 0.14   0. 
   0.   0.   0.   0.   0.   0.   0.   0.   0.   0.   0.   0.   0.   0.   0.   0.   0.   0.   0.   0.   0.   0.   0.   0.   0.   0.   0.   0.   0.   0.   0.   0.   0.   0.   0.   0.   0.   0.   0. 0.13 0.13 0.13 0.13 0.13 0.13 0.13 0.13 0.13 0.13 0.13 0.13 0.13 0.14 0.14 0.14 0.14 0.14 0.14 0.14 0.14 0.14 0.14 0.14 0.14 0.20 0.20 0.20 0.20 0.20 0.14 0.14 0.14 0.14 0.14 0.14 0.14 0.14 0.14 0.14 0.14   0. 
   0.   0.   0.   0.   0.   0.   0.   0.   0.   0.   0.   0.   0.   0.   0.   0.   0.   0.   0.   0.   0.   0.   0.   0.   0.   0.   0.   0.   0.   0.   0.   0.   0.   0.   0.   0.   0.   0.   0. 0.13 0.13 0.13 0.13 0.13 0.13 0.13 0.13 0.13 0.13 0.13 0.13 0.13 0.14 0.14 0.14 0.14 0.14 0.14 0.14 0.14 0.14 0.14 0.14 0.14 0.20 0.20 0.20 0.20 0.20 0.20 0.20 0.20 0.20 0.20 0.20 0.20 0.14 0.14 0.14 0.14   0. 
   0.   0.   0.   0.   0.   0.   0.   0.   0.   0.   0.   0.   0.   0.   0.   0.   0.   0.   0.   0.   0.   0.   0.   0.   0.   0.   0.   0.   0.   0.   0.   0.   0.   0.   0.   0.   0.   0.   0. 0.13 0.13 0.13 0.13 0.13 0.13 0.13 0.13 0.13 0.13 0.13 0.13 0.13 0.14 0.14 0.14 0.14 0.14 0.14 0.14 0.14 0.14 0.14 0.14 0.14 0.20 0.20 0.20 0.20 0.20 0.20 0.20 0.20 0.20 0.20 0.20 0.20 0.20 0.14 0.14 0.14   0. 
   0.   0.   0.   0.   0.   0.   0.   0.   0.   0.   0.   0.   0.   0.   0.   0.   0.   0.   0.   0.   0.   0.   0.   0.   0.   0.   0.   0.   0.   0.   0.   0.   0.   0. 0.13 0.13 0.13 0.13 0.13 0.13 0.13 0.13 0.13 0.13 0.13 0.13 0.13 0.13 0.13 0.13 0.13 0.13 0.14 0.14 0.14 0.14 0.14 0.14 0.14 0.14 0.14 0.14 0.14 0.14 0.20 0.20 0.20 0.20 0.20 0.20 0.20 0.20 0.20 0.20 0.20 0.20 0.20 0.14 0.14 0.14 0.14 
   0.   0.   0.   0.   0.   0.   0.   0.   0.   0.   0.   0.   0.   0.   0.   0.   0.   0.   0.   0.   0.   0.   0.   0.   0.   0.   0.   0.   0.   0.   0.   0. 0.13 0.13 0.13 0.13 0.13 0.13 0.13 0.13 0.13 0.13 0.13 0.13 0.13 0.13 0.13 0.13 0.13 0.13 0.13 0.13 0.14 0.14 0.14 0.14 0.14 0.14 0.14 0.14 0.14 0.14 0.14 0.14 0.20 0.20 0.20 0.20 0.20 0.20 0.20 0.20 0.20 0.20 0.20 0.20 0.20 0.14 0.14 0.14 0.14 
   0.   0.   0.   0.   0.   0.   0.   0.   0.   0.   0.   0.   0.   0.   0.   0.   0.   0.   0.   0.   0.   0.   0.   0.   0.   0.   0.   0.   0. 0.13 0.13 0.13 0.13 0.13 0.13 0.13 0.13 0.13 0.13 0.13 0.13 0.13 0.13 0.13 0.13 0.13 0.13 0.13 0.13 0.13 0.13 0.13 0.14 0.14 0.20 0.14 0.14 0.14 0.14 0.14 0.14 0.14 0.14 0.14 0.14 0.20 0.20 0.20 0.20 0.20 0.20 0.20 0.20 0.20 0.20 0.20 0.20 0.14 0.14 0.14 0.14 
   0.   0.   0.   0.   0.   0.   0.   0.   0.   0.   0.   0.   0.   0.   0.   0.   0.   0.   0.   0.   0.   0.   0.   0.   0.   0. 0.13 0.13 0.13 0.13 0.13 0.13 0.13 0.13 0.13 0.13 0.13 0.13 0.13 0.13 0.13 0.13 0.13 0.13 0.13 0.13 0.13 0.13 0.13 0.13 0.13 0.14 0.14 0.14 0.20 0.14 0.14 0.14 0.14 0.14 0.14 0.14 0.14 0.14 0.14 0.14 0.20 0.20 0.20 0.20 0.20 0.20 0.20 0.20 0.20 0.20 0.20 0.14 0.14 0.14 0.14 
   0.   0.   0.   0.   0.   0.   0.   0.   0.   0.   0.   0.   0.   0.   0.   0.   0.   0.   0.   0.   0.   0.   0.   0. 0.13 0.13 0.13 0.13 0.13 0.13 0.13 0.13 0.13 0.13 0.13 0.13 0.13 0.13 0.13 0.13 0.13 0.13 0.13 0.13 0.13 0.13 0.13 0.13 0.14 0.14 0.14 0.14 0.14 0.14 0.20 0.14 0.14 0.14 0.14 0.14 0.14 0.14 0.14 0.14 0.14 0.14 0.14 0.14 0.20 0.20 0.20 0.20 0.20 0.20 0.20 0.20 0.20 0.14 0.14 0.14 0.14 
   0.   0.   0.   0.   0.   0.   0.   0.   0.   0.   0.   0.   0.   0.   0.   0.   0.   0.   0.   0.   0.   0. 0.13 0.13 0.13 0.13 0.13 0.13 0.13 0.13 0.13 0.13 0.13 0.13 0.13 0.13 0.13 0.13 0.13 0.13 0.13 0.13 0.13 0.13 0.14 0.14 0.14 0.14 0.14 0.14 0.14 0.14 0.14 0.14 0.20 0.14 0.14 0.14 0.14 0.14 0.14 0.14 0.14 0.14 0.14 0.14 0.14 0.14 0.14 0.20 0.20 0.20 0.20 0.20 0.20 0.20 0.14 0.14 0.14 0.14 0.14 
   0.   0.   0.   0.   0.   0.   0.   0.   0.   0.   0.   0.   0.   0.   0.   0.   0.   0.   0.   0. 0.13 0.13 0.13 0.13 0.13 0.13 0.13 0.13 0.13 0.13 0.13 0.13 0.13 0.13 0.13 0.13 0.13 0.13 0.13 0.13 0.13 0.13 0.13 0.14 0.14 0.14 0.14 0.14 0.14 0.14 0.14 0.14 0.14 0.14 0.20 0.20 0.14 0.14 0.14 0.14 0.14 0.14 0.14 0.14 0.14 0.14 0.14 0.14 0.14 0.20 0.20 0.20 0.20 0.20 0.20 0.14 0.14 0.14 0.14 0.14   0. 
   0.   0.   0.   0.   0.   0.   0.   0.   0.   0.   0.   0.   0.   0.   0.   0.   0.   0. 0.13 0.13 0.13 0.13 0.13 0.13 0.13 0.13 0.13 0.13 0.13 0.13 0.13 0.13 0.13 0.13 0.13 0.13 0.13 0.13 0.13 0.13 0.13 0.13 0.14 0.14 0.14 0.14 0.14 0.14 0.14 0.14 0.14 0.14 0.14 0.14 0.20 0.20 0.14 0.14 0.14 0.14 0.14 0.14 0.14 0.14 0.14 0.14 0.14 0.14 0.14 0.14 0.20 0.20 0.20 0.20 0.20 0.14 0.14 0.14 0.14   0.   0. 
   0.   0.   0.   0.   0.   0.   0.   0.   0.   0.   0.   0.   0.   0.   0.   0.   0. 0.13 0.13 0.13 0.13 0.13 0.13 0.13 0.13 0.13 0.13 0.13 0.13 0.13 0.13 0.13 0.13 0.13 0.13 0.13 0.13 0.13 0.13 0.13 0.13 0.14 0.14 0.14 0.14 0.14 0.14 0.14 0.14 0.14 0.14 0.14 0.14 0.14 0.20 0.20 0.14 0.14 0.14 0.14 0.14 0.14 0.14 0.14 0.14 0.14 0.14 0.14 0.14 0.14 0.14 0.20 0.20 0.20 0.20 0.14   0.   0.   0.   0.   0. 
   0.   0.   0.   0.   0.   0.   0.   0.   0.   0.   0.   0.   0.   0.   0.   0. 0.13 0.13 0.13 0.13 0.13 0.13 0.13 0.13 0.13 0.13 0.13 0.13 0.13 0.20 0.20 0.20 0.20 0.13 0.13 0.13 0.13 0.13 0.13 0.14 0.14 0.14 0.14 0.14 0.14 0.14 0.14 0.14 0.14 0.14 0.14 0.14 0.14 0.14 0.20 0.20 0.20 0.14 0.14 0.14 0.14 0.14 0.14 0.14 0.14 0.14 0.14 0.14 0.14 0.14 0.14 0.20 0.20 0.20 0.20 0.14   0.   0.   0.   0.   0. 
   0.   0.   0.   0.   0.   0.   0.   0.   0.   0.   0. 0.13 0.13 0.13 0.13 0.13 0.13 0.13 0.13 0.13 0.13 0.13 0.13 0.13 0.13 0.13 0.13 0.13 0.13 0.20 0.20 0.20 0.20 0.20 0.20 0.13 0.13 0.13 0.13 0.14 0.14 0.20 0.20 0.20 0.20 0.20 0.20 0.14 0.14 0.14 0.14 0.14 0.14 0.14 0.20 0.20 0.20 0.14 0.14 0.14 0.14 0.14 0.14 0.14 0.14 0.14 0.14 0.14 0.14 0.14 0.14 0.20 0.20 0.20 0.20 0.14   0.   0.   0.   0.   0. 
   0.   0.   0.   0.   0.   0.   0.   0.   0.   0. 0.13 0.13 0.13 0.13 0.13 0.13 0.20 0.20 0.20 0.20 0.20 0.20 0.20 0.20 0.20 0.20 0.20 0.20 0.20 0.20 0.20 0.20 0.20 0.20 0.20 0.20 0.20 0.20 0.20 0.20 0.20 0.20 0.20 0.20 0.20 0.20 0.20 0.20 0.20 0.14 0.14 0.14 0.14 0.14 0.20 0.20 0.20 0.20 0.20 0.20 0.14 0.14 0.14 0.14 0.14 0.14 0.14 0.14 0.14 0.14 0.14 0.20 0.20 0.20 0.20 0.14   0.   0.   0.   0.   0. 
   0.   0.   0.   0.   0.   0.   0.   0.   0. 0.13 0.13 0.13 0.13 0.13 0.13 0.13 0.20 0.20 0.20 0.20 0.20 0.20 0.20 0.20 0.20 0.20 0.20 0.20 0.20 0.20 0.20 0.20 0.20 0.20 0.20 0.20 0.20 0.20 0.20 0.20 0.20 0.20 0.20 0.20 0.20 0.20 0.20 0.20 0.20 0.20 0.20 0.20 0.20 0.20 0.20 0.20 0.20 0.20 0.20 0.20 0.14 0.14 0.14 0.14 0.14 0.14 0.14 0.14 0.14 0.14 0.14 0.20 0.20 0.20 0.20 0.14   0.   0.   0.   0.   0. 
   0.   0.   0.   0.   0.   0.   0.   0. 0.13 0.13 0.13 0.13 0.13 0.13 0.13 0.13 0.13 0.13 0.13 0.13 0.13 0.13 0.13 0.13 0.13 0.13 0.14 0.14 0.14 0.14 0.14 0.14 0.20 0.20 0.20 0.20 0.20 0.20 0.20 0.20 0.20 0.20 0.20 0.20 0.20 0.20 0.20 0.20 0.20 0.20 0.20 0.20 0.20 0.20 0.20 0.20 0.20 0.20 0.20 0.20 0.14 0.14 0.14 0.14 0.14 0.14 0.14 0.14 0.14 0.14 0.14 0.20 0.20 0.20 0.20 0.14   0.   0.   0.   0.   0. 
   0.   0.   0.   0.   0.   0.   0. 0.13 0.13 0.13 0.13 0.13 0.13 0.13 0.13 0.13 0.13 0.13 0.13 0.13 0.13 0.13 0.13 0.13 0.13 0.14 0.14 0.14 0.14 0.14 0.14 0.14 0.20 0.20 0.20 0.20 0.20 0.20 0.20 0.20 0.20 0.14 0.14 0.14 0.14 0.14 0.20 0.20 0.20 0.20 0.20 0.20 0.20 0.20 0.20 0.20 0.20 0.20 0.20 0.20 0.14 0.14 0.14 0.14 0.14 0.14 0.14 0.14 0.14 0.14 0.14 0.20 0.20 0.20 0.20 0.14   0.   0.   0.   0.   0. 
   0.   0.   0.   0.   0.   0. 0.13 0.13 0.13 0.13 0.13 0.13 0.13 0.13 0.13 0.13 0.13 0.13 0.13 0.13 0.13 0.13 0.14 0.14 0.14 0.14 0.14 0.14 0.14 0.14 0.14 0.14 0.20 0.20 0.20 0.20 0.20 0.20 0.20 0.20 0.20 0.14 0.14 0.14 0.14 0.14 0.20 0.20 0.20 0.20 0.20 0.20 0.20 0.20 0.20 0.20 0.20 0.20 0.20 0.20 0.14 0.14 0.14 0.14 0.14 0.14 0.14 0.14 0.14 0.14 0.20 0.20 0.20 0.20 0.20 0.14   0.   0.   0.   0.   0. 
   0.   0.   0.   0.   0. 0.13 0.13 0.13 0.13 0.13 0.13 0.13 0.13 0.13 0.13 0.13 0.13 0.13 0.14 0.14 0.14 0.14 0.14 0.14 0.14 0.20 0.20 0.14 0.14 0.14 0.14 0.20 0.20 0.20 0.20 0.20 0.20 0.20 0.20 0.20 0.20 0.14 0.14 0.14 0.14 0.14 0.20 0.20 0.20 0.20 0.20 0.20 0.20 0.20 0.20 0.20 0.20 0.20 0.20 0.20 0.14 0.14 0.14 0.14 0.14 0.14 0.14 0.14 0.14 0.14 0.20 0.20 0.20 0.20 0.20 0.14   0.   0.   0.   0.   0. 
   0.   0.   0.   0.   0. 0.13 0.13 0.13 0.13 0.13 0.13 0.13 0.13 0.13 0.20 0.20 0.20 0.20 0.20 0.20 0.20 0.20 0.20 0.20 0.20 0.20 0.20 0.20 0.20 0.20 0.20 0.20 0.20 0.20 0.20 0.20 0.20 0.20 0.20 0.20 0.20 0.14 0.14 0.14 0.14 0.14 0.20 0.20 0.20 0.14 0.14 0.20 0.20 0.20 0.20 0.20 0.20 0.20 0.20 0.20 0.20 0.20 0.20 0.20 0.20 0.14 0.14 0.14 0.14 0.14 0.20 0.20 0.20 0.20 0.20 0.14   0.   0.   0.   0.   0. 
   0.   0.   0.   0.   0. 0.13 0.13 0.13 0.13 0.13 0.13 0.13 0.13 0.20 0.20 0.20 0.20 0.20 0.20 0.20 0.20 0.20 0.20 0.20 0.20 0.20 0.20 0.20 0.20 0.20 0.20 0.20 0.20 0.20 0.20 0.20 0.20 0.20 0.20 0.20 0.14 0.14 0.14 0.14 0.14 0.14 0.20 0.20 0.14 0.14 0.14 0.20 0.20 0.20 0.20 0.20 0.20 0.20 0.20 0.20 0.20 0.20 0.20 0.20 0.20 0.20 0.20 0.20 0.14 0.14 0.20 0.20 0.20 0.20 0.20 0.13   0.   0.   0.   0.   0. 
   0.   0.   0.   0.   0. 0.13 0.13 0.13 0.13 0.13 0.13 0.13 0.13 0.20 0.20 0.20 0.20 0.20 0.20 0.20 0.20 0.20 0.20 0.20 0.20 0.20 0.20 0.20 0.20 0.20 0.20 0.20 0.20 0.20 0.20 0.20 0.20 0.20 0.20 0.20 0.14 0.14 0.14 0.14 0.14 0.14 0.20 0.20 0.14 0.14 0.14 0.14 0.20 0.20 0.20 0.20 0.20 0.20 0.20 0.20 0.20 0.20 0.20 0.20 0.20 0.20 0.20 0.20 0.20 0.20 0.20 0.20 0.20 0.20 0.20 0.13 0.13   0.   0.   0.   0. 
   0.   0.   0.   0.   0. 0.13 0.13 0.13 0.13 0.13 0.13 0.13 0.20 0.20 0.20 0.20 0.20 0.20 0.20 0.20 0.20 0.20 0.20 0.20 0.20 0.20 0.20 0.20 0.20 0.20 0.20 0.20 0.20 0.20 0.20 0.20 0.20 0.20 0.20 0.20 0.14 0.14 0.14 0.14 0.14 0.14 0.20 0.20 0.14 0.14 0.14 0.14 0.20 0.20 0.20 0.20 0.20 0.20 0.20 0.20 0.20 0.20 0.20 0.20 0.20 0.20 0.20 0.20 0.20 0.20 0.20 0.20 0.20 0.20 0.20 0.13 0.13   0.   0.   0.   0. 
   0.   0.   0.   0. 0.13 0.13 0.13 0.13 0.13 0.13 0.13 0.20 0.20 0.20 0.20 0.20 0.20 0.20 0.20 0.20 0.20 0.20 0.20 0.20 0.20 0.20 0.20 0.20 0.20 0.20 0.20 0.20 0.20 0.20 0.20 0.20 0.20 0.20 0.20 0.20 0.14 0.14 0.14 0.14 0.14 0.14 0.20 0.20 0.14 0.14 0.14 0.14 0.14 0.13 0.13 0.13 0.13 0.13 0.13 0.14 0.20 0.20 0.20 0.20 0.20 0.20 0.20 0.20 0.20 0.20 0.20 0.20 0.20 0.20 0.20 0.13 0.13 0.13   0.   0.   0. 
   0.   0.   0.   0. 0.13 0.13 0.13 0.13 0.13 0.13 0.13 0.20 0.20 0.20 0.20 0.20 0.20 0.14 0.14 0.14 0.14 0.14 0.14 0.14 0.14 0.14 0.14 0.14 0.14 0.14 0.14 0.14 0.20 0.20 0.20 0.20 0.20 0.20 0.20 0.14 0.13 0.13 0.13 0.13 0.13 0.13 0.20 0.20 0.14 0.14 0.14 0.14 0.14 0.13 0.13 0.13 0.13 0.13 0.13 0.14 0.14 0.20 0.20 0.20 0.20 0.20 0.20 0.20 0.20 0.20 0.20 0.20 0.20 0.20 0.20 0.13 0.13 0.13 0.13   0.   0. 
   0.   0.   0. 0.13 0.13 0.13 0.13 0.13 0.13 0.20 0.20 0.20 0.20 0.20 0.13 0.13 0.13 0.13 0.13 0.14 0.14 0.14 0.14 0.14 0.14 0.14 0.14 0.14 0.14 0.14 0.14 0.14 0.20 0.20 0.20 0.20 0.20 0.20 0.20 0.14 0.13 0.13 0.13 0.13 0.13 0.13 0.20 0.20 0.14 0.14 0.14 0.14 0.14 0.13 0.13 0.13 0.13 0.13 0.13 0.14 0.14 0.20 0.20 0.20 0.20 0.20 0.20 0.20 0.20 0.20 0.20 0.20 0.20 0.20 0.20 0.20 0.20 0.13 0.13   0.   0. 
   0.   0.   0. 0.13 0.13 0.13 0.13 0.13 0.13 0.20 0.20 0.20 0.20 0.13 0.13 0.13 0.13 0.13 0.13 0.13 0.14 0.14 0.14 0.14 0.14 0.14 0.14 0.14 0.14 0.14 0.14 0.14 0.20 0.20 0.20 0.20 0.20 0.20 0.20 0.14 0.13 0.13 0.13 0.13 0.13 0.13 0.20 0.20 0.14 0.14 0.13 0.13 0.13 0.13 0.13 0.13 0.13 0.13 0.13 0.14 0.14 0.20 0.20 0.20 0.20 0.20 0.20 0.14 0.14 0.14 0.14 0.20 0.20 0.20 0.20 0.20 0.20 0.20 0.20 0.20   0. 
   0.   0. 0.13 0.13 0.13 0.13 0.13 0.13 0.20 0.20 0.20 0.20 0.13 0.13 0.13 0.13 0.13 0.13 0.13 0.13 0.13 0.14 0.14 0.14 0.14 0.14 0.14 0.14 0.14 0.14 0.14 0.14 0.20 0.20 0.20 0.20 0.20 0.20 0.20 0.14 0.13 0.13 0.13 0.13 0.13 0.13 0.20 0.20 0.14 0.14 0.13 0.13 0.13 0.13 0.13 0.13 0.13 0.13 0.13 0.14 0.14 0.20 0.20 0.14 0.14 0.14 0.14 0.14 0.14 0.14 0.14 0.20 0.20 0.20 0.20 0.20 0.20 0.20 0.20 0.20   0. 
   0. 0.13 0.13 0.13 0.13 0.13 0.20 0.20 0.20 0.20 0.20 0.20 0.13 0.13 0.13 0.13 0.13 0.13 0.13 0.13 0.13 0.13 0.14 0.14 0.14 0.14 0.14 0.14 0.14 0.14 0.14 0.14 0.20 0.20 0.20 0.20 0.20 0.20 0.20 0.20 0.13 0.13 0.13 0.13 0.13 0.13 0.20 0.20 0.14 0.14 0.13 0.13 0.13 0.13 0.13 0.13 0.13 0.13 0.13 0.14 0.14 0.20 0.20 0.14 0.14 0.14 0.14 0.14 0.14 0.14 0.14 0.20 0.20 0.20 0.20 0.20 0.20 0.20 0.20 0.20   0. 
   0. 0.13 0.13 0.13 0.13 0.20 0.20 0.20 0.20 0.13 0.13 0.13 0.13 0.13 0.13 0.13 0.13 0.13 0.13 0.13 0.13 0.13 0.14 0.14 0.14 0.14 0.14 0.14 0.14 0.14 0.14 0.14 0.20 0.20 0.20 0.20 0.20 0.20 0.20 0.20 0.13 0.13 0.13 0.13 0.13 0.13 0.20 0.20 0.20 0.14 0.13 0.13 0.13 0.13 0.13 0.13 0.13 0.13 0.13 0.14 0.14 0.20 0.20 0.14 0.14 0.14 0.14 0.14 0.14 0.14 0.14 0.20 0.20 0.20 0.20 0.20 0.20 0.20   0.   0.   0. 
 0.13 0.13 0.13 0.13 0.13 0.13 0.13 0.13 0.13 0.13 0.13 0.13 0.13 0.13 0.13 0.13 0.13 0.13 0.13 0.13 0.13 0.13 0.13 0.14 0.14 0.14 0.14 0.14 0.14 0.14 0.14 0.14 0.20 0.20 0.20 0.20 0.20 0.20 0.20 0.20 0.13 0.13 0.13 0.13 0.13 0.13 0.13 0.20 0.20 0.14 0.13 0.13 0.13 0.13 0.13 0.13 0.13 0.13 0.13 0.14 0.14 0.20 0.20 0.14 0.14 0.14 0.14 0.14 0.14 0.14 0.14 0.20 0.20 0.20 0.20 0.20 0.20 0.13   0.   0.   0. 
   0. 0.13 0.13 0.13 0.13 0.13 0.13 0.13 0.13 0.13 0.13 0.13 0.13 0.13 0.13 0.13 0.13 0.13 0.13 0.13 0.13 0.13 0.13 0.14 0.14 0.14 0.14 0.14 0.14 0.14 0.14 0.14 0.20 0.20 0.20 0.20 0.20 0.20 0.20 0.14 0.13 0.13 0.13 0.13 0.13 0.13 0.13 0.20 0.20 0.20 0.13 0.13 0.13 0.13 0.13 0.13 0.13 0.13 0.13 0.14 0.14 0.20 0.20 0.14 0.14 0.14 0.14 0.14 0.14 0.14 0.14 0.20 0.20 0.20 0.20 0.14 0.13   0.   0.   0.   0. 
   0.   0. 0.13 0.13 0.13 0.13 0.13 0.13 0.13 0.13 0.13 0.13 0.13 0.13 0.13 0.13 0.13 0.13 0.13 0.13 0.13 0.13 0.13 0.13 0.13 0.14 0.14 0.14 0.14 0.14 0.14 0.14 0.20 0.20 0.20 0.20 0.20 0.20 0.20 0.14 0.13 0.13 0.13 0.13 0.13 0.13 0.13 0.20 0.20 0.20 0.13 0.13 0.13 0.13 0.13 0.13 0.13 0.13 0.13 0.14 0.14 0.20 0.20 0.14 0.14 0.14 0.14 0.14 0.14 0.14 0.20 0.20 0.20 0.20 0.20 0.14 0.13   0.   0.   0.   0. 
   0.   0.   0. 0.13 0.13 0.13 0.13 0.13 0.13 0.13 0.13 0.13 0.13 0.13 0.13 0.13 0.13 0.13 0.13 0.13 0.13 0.13 0.13 0.13 0.13 0.13 0.14 0.14 0.14 0.14 0.14 0.14 0.20 0.20 0.20 0.20 0.20 0.20 0.20 0.14 0.13 0.13 0.13 0.13 0.13 0.13 0.13 0.20 0.20 0.20 0.13 0.13 0.13 0.13 0.13 0.13 0.13 0.13 0.13 0.14 0.14 0.20 0.20 0.14 0.14 0.14 0.14 0.14 0.14 0.14 0.20 0.20 0.20 0.20 0.14 0.14 0.13   0.   0.   0.   0. 
   0.   0.   0.   0.   0.   0.   0. 0.13 0.13 0.13 0.13 0.13 0.13   0. 0.13 0.13 0.13 0.13 0.13 0.13 0.13 0.13 0.13 0.13 0.13 0.13 0.13 0.14 0.14 0.14 0.14 0.14 0.20 0.20 0.20 0.20 0.20 0.20 0.20 0.14 0.13 0.13 0.13 0.13 0.13 0.13 0.13 0.20 0.20 0.20 0.13 0.13 0.13 0.13 0.13 0.13 0.13 0.13 0.13 0.14 0.14 0.20 0.20 0.14 0.14 0.14 0.14 0.14 0.14 0.14 0.20 0.20 0.20 0.20 0.14 0.14   0.   0.   0.   0.   0. 
   0.   0.   0.   0.   0.   0.   0.   0.   0.   0.   0.   0.   0.   0.   0. 0.13 0.13 0.13 0.13 0.13 0.13 0.13 0.13 0.13 0.13 0.13 0.13 0.13 0.14 0.14 0.14 0.14 0.20 0.20 0.20 0.20 0.20 0.20 0.14 0.14 0.13 0.13 0.13 0.13 0.13 0.13 0.13 0.20 0.20 0.20 0.13 0.13 0.13 0.13 0.13 0.13 0.13 0.13 0.13 0.14 0.20 0.20 0.20 0.14 0.14 0.14 0.14 0.14 0.14 0.14 0.20 0.20 0.20 0.20 0.14 0.14   0.   0.   0.   0.   0. 
   0.   0.   0.   0.   0.   0.   0.   0.   0.   0.   0.   0.   0.   0.   0.   0.   0. 0.13 0.13 0.13 0.13 0.13 0.13 0.13 0.13 0.13 0.13 0.13 0.14 0.14 0.14 0.14 0.20 0.20 0.20 0.20 0.20 0.20 0.14 0.14 0.13 0.13 0.13 0.13 0.13 0.13 0.13 0.20 0.20 0.20 0.13 0.13 0.13 0.13 0.13 0.13 0.13 0.13 0.13 0.14 0.20 0.20 0.20 0.14 0.14 0.14 0.14 0.14 0.14 0.14 0.20 0.20 0.20 0.20 0.14 0.14   0.   0.   0.   0.   0. 
   0.   0.   0.   0.   0.   0.   0.   0.   0.   0.   0.   0.   0.   0.   0.   0.   0. 0.13 0.13 0.13 0.13 0.13 0.13 0.13 0.13 0.13 0.13 0.13 0.13 0.14 0.14 0.14 0.20 0.20 0.20 0.20 0.20 0.20 0.14 0.14 0.13 0.13 0.13 0.13 0.13 0.13 0.13 0.20 0.20 0.20 0.13 0.13 0.13 0.13 0.13 0.13 0.13 0.13 0.13 0.14 0.20 0.20 0.20 0.14 0.14 0.14 0.14 0.14 0.14 0.20 0.20 0.20 0.20 0.20 0.14 0.14   0.   0.   0.   0.   0. 
   0.   0.   0.   0.   0.   0.   0.   0.   0.   0.   0.   0.   0.   0.   0.   0.   0.   0. 0.13 0.13 0.13 0.13 0.13 0.13 0.13 0.13 0.13 0.13 0.13 0.14 0.14 0.14 0.20 0.20 0.20 0.20 0.20 0.20 0.14 0.13 0.13 0.13 0.13 0.13 0.13 0.13 0.13 0.20 0.20 0.20 0.13 0.13 0.13 0.13 0.13 0.13 0.13 0.13 0.13 0.14 0.20 0.20 0.20 0.14 0.14 0.14 0.14 0.14 0.14 0.20 0.20 0.20 0.20 0.20 0.14 0.14   0.   0.   0.   0.   0. 
   0.   0.   0.   0.   0.   0.   0.   0.   0.   0.   0.   0.   0.   0.   0.   0.   0.   0.   0.   0.   0. 0.13 0.13 0.13 0.13 0.13 0.13 0.13 0.13 0.14 0.14 0.14 0.20 0.20 0.20 0.20 0.20 0.20 0.14 0.13 0.13 0.13 0.13 0.13 0.13 0.13 0.13 0.20 0.20 0.20 0.14 0.13 0.13 0.13 0.13 0.13 0.13 0.13 0.13 0.14 0.20 0.20 0.20 0.14 0.14 0.14 0.14 0.14 0.14 0.20 0.20 0.20 0.20 0.20 0.14 0.14   0.   0.   0.   0.   0. 
   0.   0.   0.   0.   0.   0.   0.   0.   0.   0.   0.   0.   0.   0.   0.   0.   0.   0.   0.   0.   0.   0. 0.13 0.13 0.13 0.13 0.13 0.13 0.13 0.13 0.14 0.14 0.20 0.20 0.20 0.20 0.20 0.20 0.14 0.13 0.13 0.13 0.13 0.13 0.13 0.13 0.13 0.13 0.13 0.20 0.14 0.13 0.13 0.13 0.13 0.13 0.13 0.13 0.13 0.14 0.20 0.20 0.14 0.14 0.13 0.13 0.14 0.14 0.14 0.20 0.20 0.20 0.20 0.20 0.14 0.14   0.   0.   0.   0.   0. 
   0.   0.   0.   0.   0.   0.   0.   0.   0.   0.   0.   0.   0.   0.   0.   0.   0.   0.   0.   0.   0.   0.   0. 0.13 0.13 0.13 0.13 0.13 0.13 0.13 0.14 0.14 0.20 0.20 0.20 0.20 0.20 0.20 0.14 0.13 0.13 0.13 0.13 0.13 0.13 0.13 0.13 0.13 0.13 0.20 0.14 0.13 0.13 0.13 0.13 0.13 0.13 0.13 0.13 0.14 0.20 0.14 0.14 0.14 0.13 0.13 0.13 0.14 0.14 0.20 0.20 0.20 0.20 0.20 0.14 0.14   0.   0.   0.   0.   0. 
   0.   0.   0.   0.   0.   0.   0.   0.   0.   0.   0.   0.   0.   0.   0.   0.   0.   0.   0.   0.   0.   0.   0.   0.   0.   0.   0.   0.   0. 0.13 0.13 0.14 0.20 0.20 0.20 0.20 0.20 0.20 0.14 0.13 0.13 0.13 0.13 0.13 0.13 0.13 0.13 0.13 0.13 0.20 0.20 0.13 0.13 0.13 0.13 0.13 0.13 0.13 0.13 0.14 0.14 0.14 0.14 0.14 0.13 0.13 0.13 0.14 0.14 0.20 0.20 0.20 0.20 0.20 0.14 0.14   0.   0.   0.   0.   0. 
   0.   0.   0.   0.   0.   0.   0.   0.   0.   0.   0.   0.   0.   0.   0.   0.   0.   0.   0.   0.   0.   0.   0.   0.   0.   0.   0.   0.   0.   0.   0. 0.14 0.20 0.20 0.20 0.20 0.20 0.20 0.13 0.13 0.13 0.13 0.13 0.13 0.13 0.13 0.13 0.13 0.13 0.13 0.20 0.13 0.13 0.13 0.13 0.13 0.13 0.13 0.14 0.14 0.14 0.13 0.13 0.13 0.13 0.13 0.13 0.14 0.20 0.20 0.20 0.20 0.14 0.14 0.14 0.14   0.   0.   0.   0.   0. 
   0.   0.   0.   0.   0.   0.   0.   0.   0.   0.   0.   0.   0.   0.   0.   0.   0.   0.   0.   0.   0.   0.   0.   0.   0.   0.   0.   0.   0.   0.   0.   0. 0.14 0.14 0.14 0.14 0.14 0.14 0.13 0.13 0.13 0.13 0.13 0.13 0.13 0.13 0.13 0.13 0.13 0.13 0.20 0.20 0.13 0.13 0.13 0.13 0.13 0.13 0.13 0.13 0.13 0.13 0.13 0.13 0.13 0.13 0.13 0.14 0.20 0.14 0.20 0.20 0.14 0.14 0.14 0.14   0.   0.   0.   0.   0. 
   0.   0.   0.   0.   0.   0.   0.   0.   0.   0.   0.   0.   0.   0.   0.   0.   0.   0.   0.   0.   0.   0.   0.   0.   0.   0.   0.   0.   0.   0.   0.   0.   0. 0.14 0.14   0.   0.   0.   0.   0.   0.   0.   0.   0.   0.   0. 0.13 0.13 0.13 0.13 0.14 0.20 0.13 0.13 0.13 0.13 0.13 0.13 0.13 0.13 0.13 0.13 0.13 0.13 0.13 0.13 0.14 0.20 0.20 0.14 0.14 0.14 0.14 0.14 0.14 0.14   0.   0.   0.   0.   0. 
   0.   0.   0.   0.   0.   0.   0.   0.   0.   0.   0.   0.   0.   0.   0.   0.   0.   0.   0.   0.   0.   0.   0.   0.   0.   0.   0.   0.   0.   0.   0.   0.   0.   0.   0.   0.   0.   0.   0.   0.   0.   0.   0.   0.   0.   0. 0.13 0.13 0.13 0.13 0.14 0.14 0.13 0.13 0.13 0.13 0.13 0.13 0.13 0.13 0.13 0.13 0.13 0.13 0.13 0.13 0.14 0.20 0.20 0.14 0.14 0.14 0.14 0.14 0.14 0.14   0.   0.   0.   0.   0. 
   0.   0.   0.   0.   0.   0.   0.   0.   0.   0.   0.   0.   0.   0.   0.   0.   0.   0.   0.   0.   0.   0.   0.   0.   0.   0.   0.   0.   0.   0.   0.   0.   0.   0.   0.   0.   0.   0.   0.   0.   0.   0.   0.   0.   0.   0. 0.13 0.13 0.13 0.13 0.14 0.14 0.13 0.13 0.13 0.13 0.13 0.13 0.13 0.13 0.13 0.13 0.13 0.13 0.13 0.13 0.14 0.20 0.14 0.14 0.14 0.14 0.14 0.14 0.14 0.14   0.   0.   0.   0.   0. 
   0.   0.   0.   0.   0.   0.   0.   0.   0.   0.   0.   0.   0.   0.   0.   0.   0.   0.   0.   0.   0.   0.   0.   0.   0.   0.   0.   0.   0.   0.   0.   0.   0.   0.   0.   0.   0.   0.   0.   0.   0.   0.   0.   0.   0.   0.   0.   0. 0.13 0.13 0.14 0.14 0.13 0.13 0.13 0.13 0.13 0.13 0.13 0.13 0.13 0.13 0.13 0.13 0.13 0.14 0.14 0.14 0.14 0.14 0.14 0.14 0.14 0.14 0.14 0.14   0.   0.   0.   0.   0. 
   0.   0.   0.   0.   0.   0.   0.   0.   0.   0.   0.   0.   0.   0.   0.   0.   0.   0.   0.   0.   0.   0.   0.   0.   0.   0.   0.   0.   0.   0.   0.   0.   0.   0.   0.   0.   0.   0.   0.   0.   0.   0.   0.   0.   0.   0.   0.   0.   0. 0.13 0.13 0.13 0.13 0.13 0.13 0.13 0.13 0.13 0.13 0.13 0.13 0.13 0.13 0.13 0.13 0.14 0.14 0.14 0.14 0.14 0.14 0.14 0.14 0.14 0.14 0.13   0.   0.   0.   0.   0. 
   0.   0.   0.   0.   0.   0.   0.   0.   0.   0.   0.   0.   0.   0.   0.   0.   0.   0.   0.   0.   0.   0.   0.   0.   0.   0.   0.   0.   0.   0.   0.   0.   0.   0.   0.   0.   0.   0.   0.   0.   0.   0.   0.   0.   0.   0.   0.   0.   0. 0.13 0.13 0.13 0.13 0.13 0.13 0.13 0.13 0.13 0.13 0.13 0.13 0.13 0.13 0.13 0.13 0.14 0.14 0.14 0.14 0.14 0.14 0.14 0.14 0.14 0.13 0.13   0.   0.   0.   0.   0. 
   0.   0.   0.   0.   0.   0.   0.   0.   0.   0.   0.   0.   0.   0.   0.   0.   0.   0.   0.   0.   0.   0.   0.   0.   0.   0.   0.   0.   0.   0.   0.   0.   0.   0.   0.   0.   0.   0.   0.   0.   0.   0.   0.   0.   0.   0.   0.   0.   0.   0. 0.13 0.13 0.13 0.13 0.13 0.13 0.13 0.13 0.13 0.13 0.13 0.13 0.13 0.13 0.13 0.14 0.14 0.14 0.14 0.14 0.14 0.14 0.14 0.14 0.13 0.13   0.   0.   0.   0.   0. 
   0.   0.   0.   0.   0.   0.   0.   0.   0.   0.   0.   0.   0.   0.   0.   0.   0.   0.   0.   0.   0.   0.   0.   0.   0.   0.   0.   0.   0.   0.   0.   0.   0.   0.   0.   0.   0.   0.   0.   0.   0.   0.   0.   0.   0.   0.   0.   0.   0.   0.   0.   0.   0.   0.   0.   0. 0.13 0.13 0.13 0.13 0.13 0.13 0.13 0.13 0.14 0.14 0.14 0.14 0.14 0.14 0.14 0.14 0.14 0.14 0.13 0.13   0.   0.   0.   0.   0. 
   0.   0.   0.   0.   0.   0.   0.   0.   0.   0.   0.   0.   0.   0.   0.   0.   0.   0.   0.   0.   0.   0.   0.   0.   0.   0.   0.   0.   0.   0.   0.   0.   0.   0.   0.   0.   0.   0.   0.   0.   0.   0.   0.   0.   0.   0.   0.   0.   0.   0.   0.   0.   0.   0.   0.   0. 0.13 0.13 0.13 0.13 0.13 0.14 0.14 0.14 0.14 0.14 0.14 0.14 0.14 0.14 0.14 0.14 0.14 0.14 0.13   0.   0.   0.   0.   0.   0. 
   0.   0.   0.   0.   0.   0.   0.   0.   0.   0.   0.   0.   0.   0.   0.   0.   0.   0.   0.   0.   0.   0.   0.   0.   0.   0.   0.   0.   0.   0.   0.   0.   0.   0.   0.   0.   0.   0.   0.   0.   0.   0.   0.   0.   0.   0.   0.   0.   0.   0.   0.   0.   0.   0.   0.   0.   0. 0.13 0.13 0.13 0.14 0.14 0.14 0.14   0.   0.   0.   0.   0.   0.   0.   0.   0.   0. 0.13   0.   0.   0.   0.   0.   0. 
   0.   0.   0.   0.   0.   0.   0.   0.   0.   0.   0.   0.   0.   0.   0.   0.   0.   0.   0.   0.   0.   0.   0.   0.   0.   0.   0.   0.   0.   0.   0.   0.   0.   0.   0.   0.   0.   0.   0.   0.   0.   0.   0.   0.   0.   0.   0.   0.   0.   0.   0.   0.   0.   0.   0.   0.   0.   0. 0.13 0.13 0.14 0.14   0.   0.   0.   0.   0.   0.   0.   0.   0.   0.   0.   0.   0.   0.   0.   0.   0.   0.   0. 
   0.   0.   0.   0.   0.   0.   0.   0.   0.   0.   0.   0.   0.   0.   0.   0.   0.   0.   0.   0.   0.   0.   0.   0.   0.   0.   0.   0.   0.   0.   0.   0.   0.   0.   0.   0.   0.   0.   0.   0.   0.   0.   0.   0.   0.   0.   0.   0.   0.   0.   0.   0.   0.   0.   0.   0.   0.   0. 0.13 0.13 0.14   0.   0.   0.   0.   0.   0.   0.   0.   0.   0.   0.   0.   0.   0.   0.   0.   0.   0.   0.   0. 
